#|num|weight|mean|covariance matrix|
|0|0.0012577792695|234.1468 262.0411 -127.224|113.9454 -11.69789 60.03395 -11.69789 128.5136 94.48505 60.03395 94.48505 330.7777|
|1|0.0021192864633|192.8915 -283.1859 -302.8569|679.9056 -144.1203 34.03983 -144.1203 561.9158 -1.206362 34.03983 -1.206362 259.4973|
|2|0.00239980646028|-22.96114 287.9151 40.42232|43.58334 18.41253 10.99577 18.41253 171.7891 -148.6779 10.99577 -148.6779 903.0738|
|3|0.00168204583386|367.0556 221.2554 -285.4551|439.1178 -130.0075 218.9341 -130.0075 438.1315 29.97161 218.9341 29.97161 495.0319|
|4|0.00158241023572|335.1896 -67.11203 -309.0534|725.907 26.13568 -56.03271 26.13568 491.2498 46.91016 -56.03271 46.91016 185.0299|
|5|0.00125068654528|438.0633 95.32275 240.4169|712.4551 142.8751 -499.7649 142.8751 224.3036 -80.41483 -499.7649 -80.41483 630.7209|
|6|0.0022916461434|33.6052 323.9366 95.54984|149.2603 12.51943 104.7309 12.51943 54.29849 -18.80328 104.7309 -18.80328 1017.662|
|7|0.000966007191502|433.7812 98.20149 -174.6489|302.2122 -145.0917 191.5925 -145.0917 191.2556 -7.930867 191.5925 -7.930867 591.4594|
|8|0.0029752226933|194.0387 -141.9994 -29.05932|318.8658 322.0346 -414.0873 322.0346 447.3083 -511.4115 -414.0873 -511.4115 971.6428|
|9|0.00314882844598|284.1857 204.3638 -87.18291|243.1014 -55.0318 303.3674 -55.0318 93.60729 -73.57668 303.3674 -73.57668 819.4008|
|10|0.00191400855819|291.033 -141.4435 -153.9571|123.0006 -0.9519919 -122.2718 -0.9519919 79.10117 -10.55732 -122.2718 -10.55732 976.8285|
|11|0.00238052808955|350.2812 21.12252 -122.564|102.2006 1.59555 91.49777 1.59555 143.543 0.7977772 91.49777 0.7977772 309.1825|
|12|0.0026582881651|30.45189 -274.4479 -102.5268|125.0887 -49.87162 2.243804 -49.87162 133.4392 -103.1505 2.243804 -103.1505 617.4672|
|13|0.000370655622993|635.5621 288.3299 -11.6726|2.610916 0.2790142 -0.4880103 0.2790142 134.1499 -188.6338 -0.4880103 -188.6338 3651.973|
|14|0.00121179188841|194.1743 288.4668 86.19565|198.1352 18.02991 -141.1514 18.02991 75.06059 -57.51912 -141.1514 -57.51912 391.7775|
|15|0.00210037172059|327.3062 127.8869 -141.6761|70.72884 28.03904 113.9648 28.03904 216.3099 13.73991 113.9648 13.73991 587.2643|
|16|0.000985000137061|34.47109 333.5119 -39.75458|1339.312 7.572012 -2747.237 7.572012 2.241572 -19.46704 -2747.237 -19.46704 13467.09|
|17|0.000624718714893|635.6144 -293.178 -30.17283|2.697909 -0.6208611 -3.422753 -0.6208611 355.5907 -279.6224 -3.422753 -279.6224 6492.178|
|18|0.00325481155913|348.7269 -124.4594 139.7957|1181.124 -61.24806 -429.4404 -61.24806 119.5926 92.01492 -429.4404 92.01492 717.962|
|19|0.00182436892688|320.6511 -34.05137 -120.6594|217.1195 1.408458 -0.761404 1.408458 67.69212 -28.07033 -0.761404 -28.07033 219.8788|
|20|0.00143583528138|403.5643 -93.86864 -301.5026|433.7654 106.0211 161.308 106.0211 552.8106 54.01908 161.308 54.01908 284.074|
|21|0.00102641615104|520.8065 81.83189 97.03435|272.9287 -135.953 105.8228 -135.953 220.9586 -79.99566 105.8228 -79.99566 579.5949|
|22|0.00242134267192|257.4565 58.9339 39.80827|87.88377 -1.961384 53.3945 -1.961384 106.3444 23.59753 53.3945 23.59753 272.8725|
|23|0.00179853764456|100.8628 -333.4947 -107.7925|1856.664 -9.341641 -291.8984 -9.341641 2.526673 1.930389 -291.8984 1.930389 2733.876|
|24|0.000320696176357|278.5745 -95.12158 -161.9321|95.18192 74.04397 1.638375 74.04397 112.3258 -53.73215 1.638375 -53.73215 364.0352|
|25|0.00170848113427|66.65255 306.1814 -259.9005|358.1917 -19.69282 4.053711 -19.69282 122.4672 169.488 4.053711 169.488 1567.603|
|26|0.00213219906155|225.5597 162.95 -129.0776|85.18231 27.2348 -242.4302 27.2348 175.8587 -322.3185 -242.4302 -322.3185 2110.058|
|27|0.00322039013545|276.1079 116.3753 -115.1842|625.2244 -417.857 6.843972 -417.857 348.4192 -44.68926 6.843972 -44.68926 252.4835|
|28|0.00249662432165|322.0725 -138.8061 -85.5972|814.7577 266.4902 297.1188 266.4902 139.1389 76.93127 297.1188 76.93127 280.1449|
|29|0.00153514011496|260.5818 -230.0425 -125.1044|123.8431 8.092934 60.73617 8.092934 99.51223 -69.16972 60.73617 -69.16972 329.1223|
|30|0.0018574499477|221.7384 -136.7091 38.94774|104.8208 5.947204 63.83506 5.947204 97.81724 -14.32225 63.83506 -14.32225 275.8083|
|31|0.00216728079719|243.2384 3.782153 8.573446|48.3792 12.99022 -35.89358 12.99022 239.1957 -121.2 -35.89358 -121.2 366.7959|
|32|0.00317876765987|369.057 7.601504 73.83039|288.985 18.82411 41.81821 18.82411 86.58062 -3.633591 41.81821 -3.633591 272.5247|
|33|0.00123493171482|249.8026 12.7655 -59.09885|154.3251 -129.1824 -240.2101 -129.1824 219.0809 288.5979 -240.2101 288.5979 632.3046|
|34|0.00369636855963|397.1281 -73.30218 -46.858|229.9059 53.51724 135.6835 53.51724 131.1963 -40.50977 135.6835 -40.50977 549.8122|
|35|0.00248493040977|222.5033 -171.2158 -108.2833|126.3333 -13.35558 74.9637 -13.35558 63.00924 -62.4938 74.9637 -62.4938 671.0098|
|36|0.00367067572982|333.1136 106.8773 -69.80814|65.59083 -77.21143 -84.97021 -77.21143 451.6776 514.0933 -84.97021 514.0933 895.4309|
|37|0.00164741292778|461.2812 -25.84586 7.786063|21.87851 60.7932 -19.35894 60.7932 1243.953 37.84033 -19.35894 37.84033 1303.814|
|38|0.00138988441524|378.1104 -220.0069 -185.8938|123.1583 23.21537 77.49373 23.21537 541.9866 -320.0148 77.49373 -320.0148 809.458|
|39|0.00158562050818|210.546 -237.3326 67.89079|102.3721 4.894591 26.36344 4.894591 197.1214 -75.44167 26.36344 -75.44167 223.7178|
|40|0.00220130664227|301.4369 42.18869 27.17477|41.27443 18.52586 -19.93801 18.52586 180.4496 -131.1052 -19.93801 -131.1052 297.9291|
|41|0.00206275067465|220.2244 -310.8099 -198.4827|241.1032 -34.01378 -48.70753 -34.01378 152.2759 -346.2497 -48.70753 -346.2497 2430.644|
|42|0.00349638227896|207.1931 127.4419 -44.39666|65.80747 -12.79519 -42.40997 -12.79519 233.1644 32.70282 -42.40997 32.70282 321.9734|
|43|0.00363353242111|315.7405 227.6496 -236.0784|768.1048 256.7787 30.50468 256.7787 292.8103 -54.87828 30.50468 -54.87828 1366.262|
|44|0.00110274471474|-24.90256 -286.2915 -166.6908|16.65971 -19.33383 -107.3783 -19.33383 465.3215 1381.456 -107.3783 1381.456 6287.89|
|45|0.00231339840181|296.7141 -23.11469 -125.1905|120.0484 3.20865 -12.86427 3.20865 39.80001 -21.01505 -12.86427 -21.01505 1396.326|
|46|0.00379158128477|116.2601 -310.5824 -155.743|318.6634 -97.01405 -179.9612 -97.01405 122.227 -51.86522 -179.9612 -51.86522 1288.808|
|47|0.00106533697696|346.1341 68.2836 73.4192|78.05201 -1.795943 -18.58937 -1.795943 63.49035 3.105517 -18.58937 3.105517 202.3594|
|48|0.0012701750291|473.9135 173.5493 198.9493|1251.454 21.06663 -1125.486 21.06663 199.3522 -189.6501 -1125.486 -189.6501 1398.221|
|49|0.00155179853822|436.5974 -279.6959 106.443|305.6641 345.2954 418.869 345.2954 730.8603 1317.687 418.869 1317.687 3769.296|
|50|0.00376690783057|220.8477 -267.3846 -12.03305|420.551 170.9968 454.7948 170.9968 137.8226 186.8079 454.7948 186.8079 897.6694|
|51|0.000824919825162|402.6656 318.8233 -18.47163|67.89791 -30.98112 43.01026 -30.98112 98.03523 14.18669 43.01026 14.18669 931.8924|
|52|0.00386666818812|120.2199 273.713 -121.1413|829.7018 117.7639 45.96943 117.7639 83.07681 1.358876 45.96943 1.358876 491.2935|
|53|0.00306972185552|335.4773 226.4005 -46.77254|122.7118 35.61259 81.68552 35.61259 182.4376 19.54825 81.68552 19.54825 615.6013|
|54|0.00352234440651|181.1329 217.8184 -98.74131|79.23781 2.929605 59.45562 2.929605 127.4336 22.09367 59.45562 22.09367 716.7645|
|55|0.00198455543642|284.1699 -35.32569 -59.29107|156.4516 -163.3403 71.27132 -163.3403 307.2352 -234.6471 71.27132 -234.6471 499.7199|
|56|8.17471384491e-05|635.6243 12.79834 -187.3415|2.406306 7.647468 -0.1256323 7.647468 3004.206 -29.80338 -0.1256323 -29.80338 1045.578|
|57|0.00231136877932|129.1546 -200.9307 -42.62033|241.2325 -9.026746 15.97489 -9.026746 70.76244 46.90085 15.97489 46.90085 389.0769|
|58|0.00181760605434|100.2191 -289.172 -117.3196|167.156 154.8191 -115.6838 154.8191 342.3631 -198.6891 -115.6838 -198.6891 417.5614|
|59|0.00288703909552|239.8585 177.4633 79.8468|75.56682 62.92195 74.03226 62.92195 499.6474 308.0574 74.03226 308.0574 487.9038|
|60|0.00367034557384|315.2573 -155.0994 -154.6908|261.9829 307.8293 -455.5885 307.8293 674.3225 -1097.491 -455.5885 -1097.491 2376.605|
|61|0.00163160956287|167.1563 217.5988 33.8917|271.4061 35.58137 171.9967 35.58137 51.14518 -36.73018 171.9967 -36.73018 533.6003|
|62|0.00311696306861|47.14005 -284.9089 -0.8412422|231.4687 58.63605 2.30733 58.63605 172.5607 110.9252 2.30733 110.9252 571.1458|
|63|0.00249765891183|293.2056 -328.4362 5.162794|331.5088 -2.108576 -42.4474 -2.108576 20.82209 -11.9906 -42.4474 -11.9906 4191.587|
|64|0.00104052461381|136.2389 333.7921 -70.27943|203.4396 1.53083 -126.768 1.53083 1.907988 7.619345 -126.768 7.619345 5968.453|
|65|0.00191911912936|147.9987 295.6729 -154.1022|124.2241 29.50514 77.80512 29.50514 167.0974 -38.02545 77.80512 -38.02545 1068.481|
|66|0.00322115694934|371.3414 -128.5734 43.29245|92.71779 28.01725 -58.6656 28.01725 161.6206 -51.21814 -58.6656 -51.21814 659.0417|
|67|0.000874839105356|69.3753 -327.0545 -156.7742|2658.096 111.1513 -589.337 111.1513 20.58451 -38.12158 -589.337 -38.12158 396.534|
|68|0.00178471977991|358.3913 141.503 127.2124|179.7488 66.10388 -100.4533 66.10388 388.2435 -380.3702 -100.4533 -380.3702 731.1644|
|69|0.00134301748035|468.2341 -221.1998 178.6819|711.202 -564.3857 -1004.443 -564.3857 895.2917 942.5369 -1004.443 942.5369 1787.903|
|70|0.00295635055136|214.4125 -299.271 69.58025|131.6149 19.28851 62.53077 19.28851 129.6485 202.671 62.53077 202.671 795.1011|
|71|0.00192793596768|497.8521 127.9005 153.146|286.7334 275.2696 -429.8627 275.2696 687.8334 -344.2628 -429.8627 -344.2628 1317.968|
|72|0.00345139738532|303.6186 183.1086 -277.7628|1255.026 106.0363 327.8492 106.0363 403.3807 79.48065 327.8492 79.48065 514.9501|
|73|0.00279110367871|328.84 -68.81629 -250.7758|467.6053 24.28206 278.0222 24.28206 473.3281 -95.56679 278.0222 -95.56679 822.3396|
|74|0.00280546622465|352.0235 63.93744 -122.2777|87.33741 20.47123 93.95906 20.47123 168.42 8.788258 93.95906 8.788258 810.689|
|75|0.00195349795226|499.7462 -191.1087 98.29778|133.0059 4.049155 -79.94831 4.049155 230.9699 -15.31186 -79.94831 -15.31186 991.9662|
|76|0.00225584932337|151.8107 320.6856 -142.1466|175.2437 4.803658 180.2954 4.803658 51.542 41.18531 180.2954 41.18531 1343.361|
|77|0.00241408380469|521.231 -29.70862 -16.98973|170.1545 347.2594 -23.18273 347.2594 1066.238 -209.7984 -23.18273 -209.7984 726.377|
|78|0.00233017093428|306.6863 -38.46291 -192.8495|344.4648 35.97411 -399.343 35.97411 107.6847 -127.7678 -399.343 -127.7678 2976.326|
|79|0.000982741839714|417.4201 -35.55218 10.87855|37.34087 29.22734 19.23776 29.22734 315.5606 60.35397 19.23776 60.35397 531.2336|
|80|0.00342583540074|371.7105 163.3857 -3.705535|225.6213 -26.8006 63.73833 -26.8006 123.3611 -125.7466 63.73833 -125.7466 707.3197|
|81|0.00306662569227|338.1018 102.8374 -154.9783|261.4436 -322.7505 619.958 -322.7505 740.1395 -1049.291 619.958 -1049.291 2121.866|
|82|0.00143637813694|414.7173 223.7455 -143.9009|355.1828 -131.5823 1153.013 -131.5823 207.9344 -432.4761 1153.013 -432.4761 4671.701|
|83|0.00136135239613|264.7354 102.1256 -5.636618|101.6525 132.7463 -64.05956 132.7463 341.8615 -160.2039 -64.05956 -160.2039 238.125|
|84|0.00118752496729|463.2141 -113.6507 146.8675|59.39516 -34.95256 -78.87164 -34.95256 244.2698 42.18741 -78.87164 42.18741 1633.157|
|85|0.000586423511743|296.1178 333.0717 -19.40676|342.3724 1.56001 -48.98584 1.56001 3.234725 4.710597 -48.98584 4.710597 1928.52|
|86|0.00223613125182|156.3092 186.6232 -16.98633|398.8824 -307.0161 464.1107 -307.0161 325.834 -415.5266 464.1107 -415.5266 912.8994|
|87|0.00295146211279|458.3358 -244.8797 -24.58572|140.6544 324.2161 -42.20633 324.2161 1300.962 -90.11774 -42.20633 -90.11774 795.3213|
|88|0.00397853172924|214.946 293.5844 -34.98306|572.6855 -242.0086 1011.181 -242.0086 199.4256 -483.7825 1011.181 -483.7825 2341.28|
|89|0.000410900420039|361.0409 173.2055 -62.18008|313.5115 -342.9481 36.58746 -342.9481 474.0832 36.15803 36.58746 36.15803 160.7734|
|90|0.00146231576904|308.0187 102.7265 -150.9426|88.71393 3.127064 -16.24654 3.127064 74.73013 -0.4075913 -16.24654 -0.4075913 953.6986|
|91|0.00226737587508|314.4989 -198.0821 -119.3365|169.2099 -93.34832 75.39464 -93.34832 176.9465 -136.2155 75.39464 -136.2155 433.7065|
|92|0.00131824589223|388.3041 49.90108 10.51771|135.333 -81.05888 39.05651 -81.05888 117.0702 -123.415 39.05651 -123.415 339.6817|
|93|0.00165164257585|133.2032 268.5452 -37.91188|239.6905 -93.24904 -117.366 -93.24904 69.73927 67.15678 -117.366 67.15678 937.4486|
|94|0.00407846705424|400.105 -137.3822 193.7619|716.0184 207.9909 -628.0239 207.9909 322.8931 176.8927 -628.0239 176.8927 1947.888|
|95|0.00264292297956|292.3099 -201.5556 -122.2958|145.9493 33.17719 91.01345 33.17719 113.5894 -99.59899 91.01345 -99.59899 861.4178|
|96|0.00226446228657|313.934 150.2109 36.70417|690.0856 199.9093 -246.3576 199.9093 132.8953 -118.5806 -246.3576 -118.5806 380.5849|
|97|0.0027816341357|357.7234 -63.25469 69.52276|223.1136 -155.0615 -441.7048 -155.0615 205.6945 327.2003 -441.7048 327.2003 1140.408|
|98|0.00269982696059|230.6014 -80.33806 -8.830025|74.05715 -41.48753 88.39344 -41.48753 218.5479 -74.40577 88.39344 -74.40577 359.9163|
|99|0.00376789373415|281.8918 -37.68616 -3.524343|41.2726 9.427519 23.65311 9.427519 195.0816 -335.9468 23.65311 -335.9468 1069.318|
|100|0.00156115549347|272.5611 155.7122 -103.1097|104.5551 99.8676 39.92673 99.8676 292.7762 222.8735 39.92673 222.8735 415.9169|
|101|0.000619019340199|-3.093039 242.3741 1.623987|225.0738 -18.65541 126.7218 -18.65541 47.75935 -30.17545 126.7218 -30.17545 278.5093|
|102|0.00266024932206|223.9816 -323.8117 -58.32373|280.7909 -23.20989 97.07831 -23.20989 44.71242 -13.32999 97.07831 -13.32999 1195.95|
|103|0.00302473848333|274.5238 216.5522 -26.52002|156.2055 -183.6927 -215.9589 -183.6927 409.2034 512.1619 -215.9589 512.1619 951.1306|
|104|0.00144422002616|33.32925 -235.0278 -26.22411|597.5048 45.0771 -506.9847 45.0771 57.80962 -58.2952 -506.9847 -58.2952 730.4889|
|105|0.00299780718822|262.4317 -117.2967 13.82044|499.421 241.5155 -1.292892 241.5155 192.2639 13.59159 -1.292892 13.59159 285.9014|
|106|0.000750612059506|149.2006 331.7538 185.9062|417.027 2.092039 -149.0049 2.092039 7.225085 -6.632175 -149.0049 -6.632175 1858.1|
|107|0.000981340426465|462.3495 -78.13506 -125.62|2177.043 1654.718 3004.143 1654.718 1533.006 2040.747 3004.143 2040.747 4578.341|
|108|0.00162560285404|137.9278 -316.1024 17.74553|272.6639 -44.57353 75.80593 -44.57353 62.04404 -36.46433 75.80593 -36.46433 347.4854|
|109|0.00297322654285|340.788 158.8816 141.0865|735.5309 520.8924 -389.7772 520.8924 538.3992 -261.8381 -389.7772 -261.8381 726.7618|
|110|0.00360368449459|46.47394 292.2823 71.15476|670.6864 -386.1317 35.29986 -386.1317 342.8091 61.47333 35.29986 61.47333 508.2806|
|111|0.000696043970081|384.7663 -169.9992 -56.39491|164.3697 157.0521 90.40723 157.0521 235.2863 132.262 90.40723 132.262 372.3344|
|112|0.00102925290601|313.4061 302.6012 142.534|152.0836 -83.66212 -95.73516 -83.66212 255.6439 32.74968 -95.73516 32.74968 515.5739|
|113|0.00121341345636|311.584 194.2599 -316.9975|1118.219 71.80174 24.5225 71.80174 568.5191 33.19689 24.5225 33.19689 79.81506|
|114|0.00173769309213|231.6858 169.2254 -14.3696|78.18004 -18.84686 212.6754 -18.84686 54.99577 -77.82318 212.6754 -77.82318 1067.352|
|115|0.000993742728323|536.0147 70.90113 -3.463897|76.15714 -98.72133 -70.02666 -98.72133 549.2889 -20.91243 -70.02666 -20.91243 726.9406|
|116|0.00169377626069|458.0986 -116.1383 -71.91323|114.1659 -88.11716 213.989 -88.11716 1191.663 -1011.999 213.989 -1011.999 1498.247|
|117|0.00189284966767|242.5654 210.0797 66.4731|167.0598 -3.496331 57.05286 -3.496331 111.3491 -4.950407 57.05286 -4.950407 227.1263|
|118|0.00253646821501|468.3497 190.8385 -5.378509|1364.142 -2081.599 1235.923 -2081.599 3322.629 -1861.688 1235.923 -1861.688 1818.091|
|119|0.00275914092815|497.9211 156.8458 -36.23968|370.0974 -509.2223 67.56257 -509.2223 877.3645 3.665761 67.56257 3.665761 653.1118|
|120|0.00199804618799|59.53536 234.7527 -44.16175|179.7445 -77.0883 -63.09482 -77.0883 139.6157 -10.27202 -63.09482 -10.27202 323.3348|
|121|0.00283571125123|504.6306 177.7023 89.48367|170.2874 -120.8512 142.7326 -120.8512 409.2918 36.50288 142.7326 36.50288 2016.452|
|122|0.000608282119938|443.3416 -134.4923 6.588897|733.8954 1535.448 -1799.017 1535.448 3537.362 -4137.599 -1799.017 -4137.599 4943.057|
|123|0.00198822062425|273.1417 12.53971 -104.3745|72.6675 48.63226 -55.63044 48.63226 224.1975 -366.8898 -55.63044 -366.8898 916.9811|
|124|0.00113567130776|307.5358 301.0135 -44.57855|136.1251 -96.15549 -168.7267 -96.15549 176.9935 -24.14477 -168.7267 -24.14477 1380.111|
|125|0.00369759485327|176.5034 -228.4519 -10.35828|219.8583 13.76963 -444.6295 13.76963 55.07873 -38.25723 -444.6295 -38.25723 1715.235|
|126|0.0021324714022|277.6171 -114.3364 40.40886|118.9177 158.9215 121.7162 158.9215 796.3773 468.759 121.7162 468.759 406.3754|
|127|0.00251289020923|160.6199 305.1068 -87.05224|219.6549 -92.20593 -104.1001 -92.20593 131.3973 140.5178 -104.1001 140.5178 511.8097|
|128|0.00372883186925|-19.83854 287.7119 -77.18006|59.49796 -16.36489 0.2470087 -16.36489 196.7952 226.2254 0.2470087 226.2254 1161.007|
|129|0.00372035735856|218.7408 107.977 -0.4889262|178.9714 -56.50171 38.15791 -56.50171 102.8069 65.48724 38.15791 65.48724 401.9023|
|130|0.0020952581065|208.2615 -323.9361 -247.4553|746.0099 -19.51787 125.5717 -19.51787 42.74363 -34.65796 125.5717 -34.65796 1695.621|
|131|0.00199362787937|238.9617 55.42101 -52.52639|70.5741 -56.31525 89.44738 -56.31525 190.4113 -114.9806 89.44738 -114.9806 453.5219|
|132|0.000804790808305|478.0199 41.2348 107.6327|434.6238 301.309 257.5916 301.309 294.8339 103.3458 257.5916 103.3458 1262.088|
|133|0.00350641476074|40.05006 285.8134 8.375392|250.8217 -139.4225 371.0903 -139.4225 181.9011 -316.2333 371.0903 -316.2333 1188.947|
|134|0.00207885985224|330.5138 -114.4576 32.59865|443.159 -274.9388 -246.7689 -274.9388 256.074 130.1084 -246.7689 130.1084 428.6412|
|135|0.00156507020011|80.50966 323.5613 -268.8226|722.314 9.899048 215.3153 9.899048 41.12126 53.36642 215.3153 53.36642 1234.217|
|136|0.00401399535037|193.6849 -246.2554 -125.3248|117.5567 -22.25264 -33.05903 -22.25264 285.0566 -104.6663 -33.05903 -104.6663 826.0976|
|137|0.000901481019505|55.19034 -328.3206 97.17252|560.6141 81.38755 50.53024 81.38755 31.40048 7.048972 50.53024 7.048972 361.6447|
|138|0.00192325292568|77.29818 228.6744 -2.009151|180.8477 33.7089 -5.844086 33.7089 82.28476 53.49145 -5.844086 53.49145 414.5236|
|139|0.00410005347393|347.2789 -32.84638 -19.41735|69.28698 77.87441 123.5007 77.87441 334.3521 351.4515 123.5007 351.4515 708.0809|
|140|0.000616097687976|313.7604 328.0011 56.23036|205.9558 -18.88952 -783.8407 -18.88952 18.143 46.536 -783.8407 46.536 5449.055|
|141|0.000761459433191|474.5695 -75.86978 -144.6717|398.8414 446.0848 466.17 446.0848 887.3215 543.513 466.17 543.513 692.9778|
|142|0.00247078847497|305.5403 207.2105 62.60678|247.5288 0.8715651 -357.8348 0.8715651 48.53392 -47.48516 -357.8348 -47.48516 1163.544|
|143|0.000987634081927|426.2237 1.263449 -49.63894|60.44491 111.975 -95.04463 111.975 424.5497 -82.09167 -95.04463 -82.09167 1265.666|
|144|0.000977332302414|432.7336 -126.9283 234.3874|284.1161 109.926 -155.7941 109.926 445.3791 -63.80119 -155.7941 -63.80119 303.8807|
|145|0.00311069010496|188.0387 -286.8277 -79.7224|250.6018 -167.1823 147.2663 -167.1823 328.4108 -326.8294 147.2663 -326.8294 710.1788|
|146|0.000902396783955|393.5484 -312.2803 109.7875|899.3584 -148.5722 -194.9804 -148.5722 80.30932 6.855939 -194.9804 6.855939 722.8272|
|147|0.00177740005443|286.227 -191.9099 87.24169|112.3246 29.74007 -40.09735 29.74007 158.4109 70.88892 -40.09735 70.88892 277.9461|
|148|0.00255364393335|433.4208 -92.35151 -2.690664|48.00657 -0.5938609 -341.647 -0.5938609 431.8073 -154.1537 -341.647 -154.1537 5988.968|
|149|0.0013613793259|303.1436 -236.9695 14.18636|94.33774 -4.211158 -68.42031 -4.211158 212.3168 -115.4036 -68.42031 -115.4036 327.9308|
|150|0.00248682462266|89.19485 310.4717 -60.1104|305.8538 83.83988 1267.667 83.83988 93.79367 378.7086 1267.667 378.7086 6990.602|
|151|0.00206015963485|386.4195 -80.96559 -107.8963|79.09399 35.89909 13.02561 35.89909 186.2605 -274.5964 13.02561 -274.5964 1378.6|
|152|0.00217574922205|112.4843 -249.4311 79.16759|259.1888 91.98524 -45.93169 91.98524 138.7663 -125.5634 -45.93169 -125.5634 525.0947|
|153|0.00173592820301|407.5114 132.9048 -63.02267|149.1329 -169.4444 -76.62906 -169.4444 453.004 138.2671 -76.62906 138.2671 464.7342|
|154|0.00142991849061|183.9895 187.673 -78.42294|126.5225 -5.697339 -84.84914 -5.697339 91.62623 -19.86802 -84.84914 -19.86802 314.5372|
|155|0.00273250023116|380.3396 -248.7037 216.5328|757.4697 -193.0278 -477.3851 -193.0278 316.9862 288.6652 -477.3851 288.6652 1034.573|
|156|0.00305658103885|155.8281 314.0154 -36.45262|537.0178 -47.561 -696.2563 -47.561 54.44334 30.73661 -696.2563 30.73661 1425.452|
|157|0.00360210522311|227.7979 -189.6051 -58.92995|329.1541 296.993 -301.1411 296.993 397.3763 -294.8032 -301.1411 -294.8032 549.865|
|158|0.00344900717773|263.6273 105.2571 76.13704|239.2663 -68.04059 218.2842 -68.04059 102.5999 -77.54659 218.2842 -77.54659 542.6919|
|159|0.00154860500178|333.0461 -25.50272 57.11218|159.0702 32.57431 -237.5193 32.57431 77.33761 -37.09404 -237.5193 -37.09404 596.5474|
|160|0.00178055859737|233.2536 -60.18147 -58.69257|118.762 54.03352 -70.84177 54.03352 107.4776 -53.4355 -70.84177 -53.4355 203.2375|
|161|0.000636602656645|442.0398 128.7747 -95.80399|105.7185 -161.2788 526.8641 -161.2788 472.0548 -471.0062 526.8641 -471.0062 3862.46|
|162|0.00275099657344|44.11274 280.5558 -134.2613|141.0701 -31.51585 37.18476 -31.51585 157.6436 -301.6427 37.18476 -301.6427 1862.19|
|163|0.00265005860885|390.5966 -57.06839 -232.5223|999.8536 -440.6372 512.1089 -440.6372 324.9983 -262.0888 512.1089 -262.0888 1618.328|
|164|0.00208146914952|308.8625 -150.5109 186.827|705.8029 -541.4636 703.2927 -541.4636 619.3384 -597.1995 703.2927 -597.1995 1643.468|
|165|0.00311247173009|342.1021 -136.4242 -121.8988|125.9566 32.60177 159.1902 32.60177 100.0828 50.38203 159.1902 50.38203 710.584|
|166|0.00253726241511|286.9269 152.4153 24.92272|83.30634 -34.61015 434.5651 -34.61015 188.3148 -1246.798 434.5651 -1246.798 11206.38|
|167|0.000508605746775|442.0455 218.8078 13.80381|94.28538 -221.8572 92.42107 -221.8572 819.8419 -413.1861 92.42107 -413.1861 473.3278|
|168|0.00153829561499|140.0172 328.2613 -39.72968|92.28722 -2.119127 48.82343 -2.119127 10.94386 -30.76145 48.82343 -30.76145 8058.28|
|169|0.00203064642867|330.9094 127.8517 -54.18576|208.364 -436.7733 89.35576 -436.7733 1205.104 -203.2492 89.35576 -203.2492 167.7883|
|170|0.000737353634279|415.8218 79.77631 223.3107|319.7064 -179.3858 -34.16991 -179.3858 405.7406 -221.806 -34.16991 -221.806 340.2073|
|171|0.00247049331247|173.3787 234.7663 13.60228|517.5924 -198.8579 372.4362 -198.8579 138.4734 -180.7265 372.4362 -180.7265 587.8205|
|172|0.00343419884513|343.8541 -52.38703 -86.77116|96.72285 -42.35865 149.2973 -42.35865 144.6393 -217.7662 149.2973 -217.7662 884.9949|
|173|0.0038519161494|251.4948 310.1769 -18.37098|510.9687 -53.78173 528.5981 -53.78173 151.2153 -219.7218 528.5981 -219.7218 1168.534|
|174|0.00209302460889|365.7505 -112.029 229.6067|1547.257 239.276 -419.507 239.276 211.3801 19.09158 -419.507 19.09158 555.9907|
|175|0.00310028638788|174.1768 -289.4127 -247.0407|378.3354 -40.58378 188.1887 -40.58378 411.8726 -169.5109 188.1887 -169.5109 996.6455|
|176|0.00351368427817|294.5071 13.8983 -29.31273|47.05161 1.78239 77.98719 1.78239 528.8776 -92.04562 77.98719 -92.04562 549.1091|
|177|0.00252742620118|348.1479 101.9397 -98.72986|139.7613 -345.2676 567.9885 -345.2676 1135.73 -1829.903 567.9885 -1829.903 3445.322|
|178|0.00183627888553|3.753381 -261.9838 -76.19863|154.9257 22.60188 -16.4158 22.60188 111.7836 12.2017 -16.4158 12.2017 442.1313|
|179|0.000952866983416|478.287 -148.9605 -28.85908|235.5061 748.0457 328.3368 748.0457 2649.145 1118.873 328.3368 1118.873 758.8454|
|180|0.000833905088679|136.1291 -263.125 -121.8655|191.3649 -27.16112 -40.83674 -27.16112 46.73697 -19.86666 -40.83674 -19.86666 466.7565|
|181|0.00176135325654|-0.2048825 263.4396 -76.13693|227.6996 132.0396 -247.5463 132.0396 210.0631 -270.9828 -247.5463 -270.9828 763.2047|
|182|0.000832309841918|457.921 97.35509 168.6362|120.9277 123.8388 -208.1741 123.8388 492.244 -814.6667 -208.1741 -814.6667 1762.788|
|183|0.00282291124074|354.7841 172.7534 180.0958|230.4399 178.4574 -139.5902 178.4574 996.9166 122.451 -139.5902 122.451 609.7696|
|184|0.00240123815051|109.4852 -210.0196 -2.005549|118.3066 55.98582 55.39964 55.98582 166.588 -49.32174 55.39964 -49.32174 444.534|
|185|0.00328024117702|175.6419 -224.7017 -62.84433|113.7993 179.588 -119.5633 179.588 870.2964 -250.0108 -119.5633 -250.0108 519.7269|
|186|0.00112636258267|370.1814 -204.3106 10.09199|102.1534 121.0069 90.80943 121.0069 276.2162 38.73951 90.80943 38.73951 1280.949|
|187|0.0029607232163|370.4424 236.3266 -209.7448|497.6394 55.35793 67.49575 55.35793 738.8314 1042.265 67.49575 1042.265 1979.491|
|188|0.000624757207733|160.8843 308.6946 152.2658|250.9892 153.2834 1035.485 153.2834 181.0266 707.9217 1035.485 707.9217 5226.69|
|189|0.00100453624246|284.9692 99.16203 -126.8821|184.9362 -156.112 161.1057 -156.112 185.3707 -212.2424 161.1057 -212.2424 496.9334|
|190|0.00223905396906|221.9551 -168.8119 39.59083|71.15613 -12.40645 -75.19043 -12.40645 184.009 25.92135 -75.19043 25.92135 367.5991|
|191|0.00235272804299|263.317 191.9783 -228.5745|168.4209 43.37298 -0.07094869 43.37298 477.1577 -506.4172 -0.07094869 -506.4172 1921.694|
|192|0.00150709298392|351.5132 -151.4879 126.0499|302.0569 111.4974 -328.7556 111.4974 253.7712 -246.8981 -328.7556 -246.8981 726.2125|
|193|0.00252344759337|234.0725 185.6479 -12.97295|80.74821 -70.08522 -67.49533 -70.08522 131.4157 64.24239 -67.49533 64.24239 833.0698|
|194|0.00108540802634|299.0704 -77.41904 81.73861|112.8137 -127.3704 -66.08887 -127.3704 251.3837 110.059 -66.08887 110.059 193.0435|
|195|0.00348205776942|280.4763 -41.72046 -114.0261|155.0729 43.65989 -11.73 43.65989 87.64947 22.12562 -11.73 22.12562 770.2418|
|196|0.00333821626318|307.5987 -89.1904 -7.738017|78.79251 40.72135 -350.5085 40.72135 192.8263 -1348.275 -350.5085 -1348.275 12467.17|
|197|0.002553049044|266.4386 100.4286 -75.92976|87.83526 -56.69461 137.3241 -56.69461 100.1944 -266.423 137.3241 -266.423 1334.675|
|198|0.00244610284912|62.58817 327.1098 -92.6112|405.4744 19.5574 334.6483 19.5574 22.72642 -4.476128 334.6483 -4.476128 1273.764|
|199|0.00211898065062|336.0655 -30.79148 117.8346|144.1641 -17.35054 -17.84209 -17.35054 108.4023 6.028612 -17.84209 6.028612 272.4147|
|200|0.00131102125776|149.945 -329.0363 189.453|759.455 -8.215816 439.1313 -8.215816 19.45407 15.19315 439.1313 15.19315 1625.48|
|201|0.00304313897386|289.668 49.84642 0.9279745|67.75709 -85.2991 29.01708 -85.2991 397.3025 -273.4684 29.01708 -273.4684 492.6258|
|202|0.00228884209974|375.9164 245.8712 -44.12218|484.6747 -399.7082 -141.5369 -399.7082 403.6594 41.83142 -141.5369 41.83142 3250.797|
|203|0.00233575619977|452.4629 42.5666 -32.15669|71.43427 63.71659 215.813 63.71659 1611.423 1111.973 215.813 1111.973 1815.518|
|204|0.0023929690364|242.4389 -180.0098 21.80064|127.8293 66.29356 -102.9924 66.29356 97.409 -66.22337 -102.9924 -66.22337 391.9575|
|205|0.000828696535735|454.7142 17.78655 -88.67635|81.22656 -296.3294 -9.635401 -296.3294 2368.101 581.8749 -9.635401 581.8749 519.6674|
|206|0.00130273692908|396.8784 150.7963 -221.7217|1071.445 -1014.17 781.0074 -1014.17 1137.586 -617.5546 781.0074 -617.5546 985.1119|
|207|0.00315435893904|175.3155 245.2683 -19.12943|579.4318 -515.9384 -537.62 -515.9384 587.4026 607.1292 -537.62 607.1292 929.8207|
|208|0.00191010145882|56.95723 -254.0618 34.37683|190.0109 -1.281767 63.3684 -1.281767 106.3387 -62.96547 63.3684 -62.96547 434.3012|
|209|0.000720987026306|404.701 -242.1217 109.3893|244.8198 -43.73377 13.38652 -43.73377 240.2477 -600.3276 13.38652 -600.3276 2256.575|
|210|0.00190843698581|71.66611 286.2109 -102.895|244.5488 25.88685 -141.6122 25.88685 129.3753 84.06653 -141.6122 84.06653 527.7392|
|211|0.00259836409363|316.4178 -142.6777 -123.7384|190.6785 134.4247 -144.8056 134.4247 209.4344 -365.011 -144.8056 -365.011 1108.762|
|212|0.00314060345409|195.3504 310.3778 -124.5585|425.2711 158.8645 482.5933 158.8645 159.2329 199.0199 482.5933 199.0199 1108.719|
|213|0.000960596132745|137.2843 -314.3776 228.5862|410.6392 50.86758 363.6187 50.86758 120.0308 22.14567 363.6187 22.14567 1046.35|
|214|0.00162616731427|228.1198 -250.7273 48.38546|222.9935 182.5454 225.8071 182.5454 266.6135 326.2675 225.8071 326.2675 642.4085|
|215|0.00234767224424|410.554 196.1272 -72.25617|101.4334 -217.0389 -79.52418 -217.0389 1041.948 72.67298 -79.52418 72.67298 2174.634|
|216|0.00141566990173|488.6829 225.3632 89.96185|181.9301 -52.84442 -31.87134 -52.84442 107.2999 4.278935 -31.87134 4.278935 845.7646|
|217|0.00154280216807|258.4209 154.4035 82.13112|268.9354 -21.03315 -72.06382 -21.03315 53.28707 13.95809 -72.06382 13.95809 240.1855|
|218|0.0021213054356|321.2455 111.272 182.3546|984.8707 185.8934 835.3941 185.8934 174.6022 206.6113 835.3941 206.6113 1458.345|
|219|0.00117778217076|336.3668 261.0115 0.9164367|308.1355 -250.2404 -125.4368 -250.2404 257.7867 106.1988 -125.4368 106.1988 677.3996|
|220|0.00257885902594|222.5841 174.9393 -6.873729|245.1349 -109.5872 599.8252 -109.5872 169.3785 -273.5213 599.8252 -273.5213 1737.252|
|221|0.00191473581422|370.7384 80.32504 -115.4753|184.8914 -11.89328 66.43767 -11.89328 77.14938 -31.15357 66.43767 -31.15357 308.298|
|222|0.00155417048834|280.3784 -112.1505 -112.4713|42.01649 -154.41 -14.34271 -154.41 1538.422 -82.13103 -14.34271 -82.13103 159.9436|
|223|0.00267211059412|263.5599 -106.2182 67.93312|94.11932 -51.39255 105.2626 -51.39255 174.1188 -23.16398 105.2626 -23.16398 523.9041|
|224|0.00391315171606|379.8212 167.9771 175.001|376.1827 302.8331 -639.3273 302.8331 489.4793 -395.9716 -639.3273 -395.9716 2775.811|
|225|0.00270816149732|277.0213 -135.8387 74.46069|289.653 -101.1356 118.9397 -101.1356 95.98068 -81.31856 118.9397 -81.31856 467.2037|
|226|0.00120612887651|-10.16699 -328.0774 66.04712|193.3307 -1.76639 196.8283 -1.76639 24.55223 17.86568 196.8283 17.86568 1088.939|
|227|0.00179533041502|379.3066 210.3428 227.3815|451.8333 -3.021611 -33.19671 -3.021611 381.6206 -125.3617 -33.19671 -125.3617 410.2649|
|228|0.00106187657712|335.1558 216.0647 -112.8907|130.8067 -117.9317 333.8958 -117.9317 242.5909 -528.2613 333.8958 -528.2613 1762.915|
|229|0.00330807469562|238.4048 185.4127 -123.6855|143.3476 23.75391 -61.60244 23.75391 114.4907 -227.9739 -61.60244 -227.9739 1833.574|
|230|0.00183961848175|386.3891 201.1852 -207.7894|147.2962 -38.28289 106.4632 -38.28289 427.0864 570.9266 106.4632 570.9266 1903.029|
|231|0.00129948770735|312.4652 -12.06537 59.57478|96.66111 -13.55076 45.91712 -13.55076 135.2401 -9.189253 45.91712 -9.189253 128.558|
|232|0.00181589593764|93.33509 310.6011 20.97378|297.6425 -118.8574 1863.497 -118.8574 122.4442 -1076.014 1863.497 -1076.014 15057.18|
|233|0.00204117642661|296.827 -303.4945 -33.49509|472.1548 269.4526 -306.3361 269.4526 205.5788 -135.8395 -306.3361 -135.8395 1674.981|
|234|0.00113123443737|442.7941 147.5045 61.85683|190.0988 -382.5191 -119.3256 -382.5191 1830.754 -16.29063 -119.3256 -16.29063 326.442|
|235|0.00155720731479|296.9574 71.94944 -10.74891|44.09072 -55.04327 -48.84287 -55.04327 409.7628 533.9273 -48.84287 533.9273 951.8177|
|236|0.00255212856304|327.8416 -300.1306 162.7482|828.78 310.0349 517.2691 310.0349 260.6455 370.5179 517.2691 370.5179 1298.042|
|237|0.00252349475851|303.6386 31.25309 -63.53599|66.53426 -100.9301 40.60775 -100.9301 370.5241 -177.6463 40.60775 -177.6463 291.9209|
|238|0.00286802241524|7.81852 289.1386 -47.73563|247.5278 -150.9754 -33.7421 -150.9754 236.9037 65.9018 -33.7421 65.9018 523.7071|
|239|0.00362282136989|172.4483 -221.4693 -128.0342|244.6597 -30.31359 -216.3692 -30.31359 85.03136 111.1284 -216.3692 111.1284 1859.676|
|240|0.00405211239101|312.8207 -71.94979 -70.1434|194.2774 252.271 -805.1264 252.271 502.1441 -1317.53 -805.1264 -1317.53 4399.074|
|241|0.00186974635621|442.2172 230.0535 118.6313|3422.959 -1658.62 -453.187 -1658.62 865.946 155.4549 -453.187 155.4549 834.2642|
|242|0.000954293196401|106.8205 -249.3551 -93.60515|122.4687 33.49811 -290.9862 33.49811 49.37102 -24.92213 -290.9862 -24.92213 1345.436|
|243|0.0025770910939|37.57013 -277.8336 54.02413|107.3454 13.69407 -14.39578 13.69407 132.3365 60.46412 -14.39578 60.46412 418.0822|
|244|0.00112447658564|44.91764 -297.1483 24.39032|571.0844 12.23843 -317.8788 12.23843 42.68557 -16.22197 -317.8788 -16.22197 364.9613|
|245|0.000787036936625|474.1875 -128.1748 -74.52336|107.193 152.9103 84.859 152.9103 376.2908 -276.0103 84.859 -276.0103 2106.884|
|246|0.0040318618098|367.1419 38.13603 -18.77228|63.5241 4.984143 -53.41899 4.984143 267.9639 -567.3477 -53.41899 -567.3477 2108.893|
|247|0.000880756504715|277.6552 -256.995 92.84067|145.1309 -124.0295 -159.025 -124.0295 237.4241 194.6371 -159.025 194.6371 379.574|
|248|0.00363239741483|293.7484 -31.97296 -1.848505|39.14029 33.00167 -16.20054 33.00167 157.7505 34.28759 -16.20054 34.28759 644.2876|
|249|0.00258452340714|324.6267 -134.7958 28.07661|257.0141 74.624 -615.8395 74.624 70.60327 -204.008 -615.8395 -204.008 2278.865|
|250|0.00141550315013|318.2193 209.3186 -67.47834|370.7421 -68.56042 -1163.97 -68.56042 50.29364 247.538 -1163.97 247.538 5216.571|
|251|0.0022340681573|399.2911 238.8269 180.0989|333.1753 -117.555 -137.6329 -117.555 210.9381 -47.8699 -137.6329 -47.8699 1067.801|
|252|0.00330276633515|292.7855 100.5898 73.855|214.3411 86.73009 103.0658 86.73009 110.1969 3.894066 103.0658 3.894066 501.1777|
|253|0.00268891355571|267.2514 189.8778 -118.682|107.52 -13.94217 1.066686 -13.94217 190.4097 -320.5834 1.066686 -320.5834 1444.967|
|254|0.00202875678015|206.8824 291.2335 -125.088|116.0188 -9.34521 111.7171 -9.34521 99.61273 42.17147 111.7171 42.17147 1048.131|
|255|0.000290414634834|470.2293 129.3324 66.67348|395.5017 -23.26282 -318.8815 -23.26282 179.0668 -116.1891 -318.8815 -116.1891 472.135|
|256|0.000427713575388|302.2877 177.242 22.00163|46.86564 -38.51549 7.098802 -38.51549 518.881 166.3508 7.098802 166.3508 123.9458|
|257|0.00130115385397|302.9746 -197.9119 -38.22359|174.9959 325.4413 -401.2214 325.4413 764.67 -877.7556 -401.2214 -877.7556 1222.281|
|258|0.0013698708769|267.1653 278.3951 80.04455|346.9459 148.7169 -155.5584 148.7169 142.6351 -139.9983 -155.5584 -139.9983 440.9032|
|259|0.00125169085847|330.9852 -261.358 -16.91736|428.1415 357.8441 -549.9014 357.8441 556.1298 -643.8249 -549.9014 -643.8249 1062.918|
|260|0.000778407998136|422.0768 249.1827 -154.4677|113.1533 -151.535 -98.42795 -151.535 409.5729 242.5015 -98.42795 242.5015 733.4795|
|261|0.00083878424637|417.8477 -78.94274 170.9675|194.0724 170.0397 -259.1421 170.0397 403.5188 -104.5401 -259.1421 -104.5401 753.9531|
|262|0.00099069449095|449.2057 -122.253 -239.5643|242.1092 19.85524 454.1245 19.85524 344.5137 -201.8024 454.1245 -201.8024 1372.021|
|263|0.0019168004302|411.8297 253.0371 -69.14548|263.6529 -312.9851 289.549 -312.9851 682.8874 -403.2017 289.549 -403.2017 1086.072|
|264|0.00180626207737|226.9665 267.3116 94.381|324.2227 -142.0358 63.99804 -142.0358 174.6683 -100.2215 63.99804 -100.2215 332.7688|
|265|0.00211415154883|274.8956 -41.39536 40.68119|62.87133 57.59766 -37.707 57.59766 125.1584 -111.0891 -37.707 -111.0891 476.2054|
|266|0.00268453176203|282.3686 98.46643 -44.43354|51.7487 -59.89145 9.52285 -59.89145 175.4158 70.47247 9.52285 70.47247 736.2177|
|267|0.00233535453535|209.3412 -270.4922 117.8268|105.3119 23.97005 0.7881511 23.97005 258.2784 92.87174 0.7881511 92.87174 331.7946|
|268|0.00122700386332|356.1687 -69.91998 33.63558|148.4376 41.64873 91.42697 41.64873 92.33846 23.82053 91.42697 23.82053 180.3749|
|269|0.00400190738135|49.86992 303.4339 -103.729|140.353 -36.8705 375.8023 -36.8705 183.3057 -694.2218 375.8023 -694.2218 5003.708|
|270|0.00360681108695|140.3591 -327.8751 -66.72921|201.9465 7.083319 60.87982 7.083319 19.61224 -61.10779 60.87982 -61.10779 6081.623|
|271|0.00359866064642|315.4904 -144.6628 -19.53453|75.99353 65.25328 51.36266 65.25328 254.3037 327.8017 51.36266 327.8017 820.9016|
|272|0.00041615142161|470.0774 -44.46036 -78.39066|51.62858 33.53495 -124.0082 33.53495 335.8573 -309.8127 -124.0082 -309.8127 727.8699|
|273|0.00362437781952|312.9356 -311.6823 18.75623|478.995 114.4821 401.515 114.4821 108.3609 265.855 401.515 265.855 3786.07|
|274|0.00150492445249|407.8855 -159.4331 -238.6792|357.654 208.9905 -62.14005 208.9905 557.0906 -627.7413 -62.14005 -627.7413 1193.574|
|275|0.00293784051598|181.0837 -234.4246 84.14406|475.5354 -47.286 264.1413 -47.286 73.60139 -41.02768 264.1413 -41.02768 524.381|
|276|0.00206836636926|439.9669 111.1265 28.37484|108.5298 -310.5874 90.3632 -310.5874 2559.24 -519.1457 90.3632 -519.1457 522.2037|
|277|0.00235270369969|163.2298 -241.9404 -98.64623|227.7583 24.51828 93.17841 24.51828 186.5459 -143.7111 93.17841 -143.7111 483.2668|
|278|0.00290969814179|269.1997 -105.484 -116.2071|38.25801 -34.47025 -45.87978 -34.47025 649.9406 -95.95462 -45.87978 -95.95462 448.7532|
|279|0.00277036318863|356.7627 170.1785 48.16056|118.4897 -54.48273 25.68768 -54.48273 170.2909 -135.7236 25.68768 -135.7236 744.1561|
|280|0.0021289157592|449.7665 23.28581 155.5742|153.0002 108.1289 -22.31828 108.1289 544.1614 458.702 -22.31828 458.702 1264.26|
|281|0.000478352960773|386.5109 273.6055 50.15145|589.4413 -415.479 -12.88974 -415.479 331.4067 -27.16514 -12.88974 -27.16514 358.6861|
|282|0.00129301193359|450.6477 -146.9618 -178.4614|427.871 395.589 230.4392 395.589 491.9546 107.2048 230.4392 107.2048 828.3127|
|283|0.00163590767646|108.2383 254.2115 84.66274|189.8954 21.54607 221.9193 21.54607 63.70667 98.9028 221.9193 98.9028 1079.043|
|284|0.0032145401366|342.6853 44.5838 85.51033|141.7129 -244.4211 -93.68921 -244.4211 945.1805 169.9308 -93.68921 169.9308 221.3994|
|285|0.00206335164983|340.0933 -79.07486 -75.27065|898.8089 150.357 1012.059 150.357 73.59673 132.0684 1012.059 132.0684 1386.14|
|286|0.00083231775349|162.477 -295.2675 19.12955|655.4952 48.88046 54.76628 48.88046 54.68225 -33.37982 54.76628 -33.37982 193.7122|
|287|0.00106847437166|446.8249 -14.02464 -42.82697|70.65944 213.5419 506.2437 213.5419 1407.547 3404.477 506.2437 3404.477 9521.406|
|288|0.00339437625216|319.0161 191.7233 -207.9722|805.2905 317.3423 281.7483 317.3423 525.7814 545.9185 281.7483 545.9185 1075.286|
|289|0.00312385982929|183.4011 -217.4652 -6.839754|232.7285 79.97227 -208.9336 79.97227 177.8509 -460.3629 -208.9336 -460.3629 1625.406|
|290|0.00393431364949|114.1123 -321.3196 -75.56287|368.4519 35.37999 386.1423 35.37999 36.74514 14.30079 386.1423 14.30079 1791.242|
|291|0.00283066305976|242.2825 261.2895 5.44235|467.3475 -281.2945 607.2748 -281.2945 244.9669 -445.6039 607.2748 -445.6039 1193.937|
|292|0.00237595307094|325.7909 129.5992 41.04982|88.72398 95.4262 -238.4708 95.4262 258.2347 -550.7565 -238.4708 -550.7565 1697.674|
|293|0.00296683338415|203.5777 -262.8246 -228.0556|390.993 -205.874 -255.4098 -205.874 352.2018 -115.8978 -255.4098 -115.8978 1721.961|
|294|0.00269113640313|416.502 192.9126 -205.3511|134.537 -39.82126 219.3454 -39.82126 670.6142 -198.5531 219.3454 -198.5531 1237.159|
|295|0.00141796608333|307.2285 29.41128 -25.61416|36.15107 -6.298028 -3.800275 -6.298028 2172.872 1819.27 -3.800275 1819.27 1611.482|
|296|0.00263851836404|351.6671 30.86434 -23.64653|51.23835 -78.51806 78.26833 -78.51806 1030.945 -1232.61 78.26833 -1232.61 1627.319|
|297|0.00413033805837|238.2145 -172.7119 -14.60044|186.2999 240.9137 10.16315 240.9137 548.8901 203.3566 10.16315 203.3566 524.8989|
|298|0.000994881690389|381.4164 -253.2011 -51.16843|334.6803 485.2507 -316.7114 485.2507 934.2005 -1211.515 -316.7114 -1211.515 3272.69|
|299|0.000851940429744|444.2567 -239.9405 39.7986|329.4933 277.4605 -277.1693 277.4605 649.0554 -269.1933 -277.1693 -269.1933 447.325|
|300|0.0025687002633|343.8969 -46.68713 21.46198|28.69024 -28.85914 10.27639 -28.85914 148.62 80.8493 10.27639 80.8493 1055.781|
|301|0.00217401780497|255.6966 -113.3922 -70.72819|28.15191 10.82714 -86.71978 10.82714 174.5173 -326.3036 -86.71978 -326.3036 1366.552|
|302|0.00134947880028|313.261 320.3464 -34.5406|299.0472 -60.48721 -78.78037 -60.48721 48.28027 -34.97847 -78.78037 -34.97847 1579.211|
|303|0.00295354194333|276.6801 152.3233 -23.1466|507.6777 -284.9944 1321.891 -284.9944 206.5688 -805.9749 1321.891 -805.9749 4169.682|
|304|0.00399028802082|264.5814 111.0657 -59.48105|109.6505 -52.91651 198.8634 -52.91651 97.74791 -201.6057 198.8634 -201.6057 995.9139|
|305|0.00374941108498|35.39625 292.0796 -71.1309|88.19569 -42.19006 182.6286 -42.19006 282.3324 -418.8555 182.6286 -418.8555 2102.675|
|306|0.000420929098176|400.8843 115.311 -28.17466|58.32582 -91.27943 151.9699 -91.27943 204.6531 -315.5759 151.9699 -315.5759 1015.966|
|307|0.00252904807342|279.9459 -213.5675 -40.74065|852.3647 917.7961 -1475.19 917.7961 1086.104 -1654.088 -1475.19 -1654.088 2799.017|
|308|0.00336181100498|432.9847 -25.93681 -15.58496|43.07779 79.04488 -90.62485 79.04488 879.5286 -428.7741 -90.62485 -428.7741 2083.27|
|309|0.00215860545429|365.4598 241.0596 156.0439|321.3452 -279.1693 -82.29578 -279.1693 584.7385 -265.0977 -82.29578 -265.0977 853.7582|
|310|0.00334262848598|385.4026 -223.9273 -66.30397|493.0814 824.7675 -1320.871 824.7675 1745.378 -3035.752 -1320.871 -3035.752 6314.612|
|311|0.00192160366723|113.4466 -269.8747 -7.001587|333.7965 -182.8069 -36.28561 -182.8069 198.0762 -115.1838 -36.28561 -115.1838 480.3961|
|312|0.000856007890585|362.5878 305.5291 -106.0957|467.7147 -19.67319 -85.03504 -19.67319 129.8775 44.3417 -85.03504 44.3417 439.321|
|313|0.000990915254236|269.3536 -106.2841 -15.85863|578.5312 166.9478 -270.6998 166.9478 75.96731 -92.80246 -270.6998 -92.80246 236.9716|
|314|0.00272316153339|116.2254 -273.2934 97.30804|159.2831 -112.31 215.7821 -112.31 203.7947 -436.0184 215.7821 -436.0184 3811.181|
|315|0.00133927682829|423.6669 245.2746 4.964707|112.0962 -317.7129 22.89971 -317.7129 1585.054 -318.7958 22.89971 -318.7958 520.7902|
|316|0.00383811806368|353.3397 -40.395 19.96371|37.94937 -47.96505 -21.26269 -47.96505 251.458 250.4413 -21.26269 250.4413 1450.545|
|317|0.00337281417577|276.7961 211.2927 115.6368|314.8954 0.3294095 -93.74232 0.3294095 95.0903 -35.02487 -93.74232 -35.02487 369.19|
|318|0.00151208488151|135.5614 314.0481 196.2008|239.299 -36.58512 -82.51636 -36.58512 106.8855 66.35995 -82.51636 66.35995 1924.617|
|319|0.00331470368002|225.7021 179.8353 -74.24826|440.5836 -487.0025 -609.8771 -487.0025 685.1559 909.0839 -609.8771 909.0839 1656.196|
|320|0.00151088445262|387.6371 257.9341 -117.8041|318.7646 -227.0308 -387.43 -227.0308 362.2269 389.2621 -387.43 389.2621 1670.624|
|321|0.00370577268002|290.2119 30.78925 -93.84459|121.5723 -13.32928 134.6972 -13.32928 78.14801 -85.48336 134.6972 -85.48336 577.3535|
|322|0.0028877404868|377.9645 -143.0824 -7.833875|123.1115 -26.61106 -14.06936 -26.61106 183.8346 -177.9501 -14.06936 -177.9501 650.2338|
|323|0.00236945949614|192.0015 235.1595 -72.37654|151.8139 -39.64536 66.50666 -39.64536 71.99153 1.157576 66.50666 1.157576 386.1205|
|324|0.00362509290391|295.5966 -123.6716 84.3002|317.3749 -40.37946 -391.5878 -40.37946 92.47598 118.1705 -391.5878 118.1705 1273.079|
|325|0.00343099922287|84.51486 303.5073 -31.05269|589.1769 -207.214 1136.463 -207.214 129.8004 -461.5613 1136.463 -461.5613 2936.518|
|326|0.00261301419479|266.2796 -127.7635 -53.24252|53.8878 100.4083 -106.6861 100.4083 414.8156 -535.9818 -106.6861 -535.9818 1100.14|
|327|0.00212954412058|-20.73852 -309.8933 84.09768|57.84831 -4.043726 -34.99031 -4.043726 182.6386 -212.4601 -34.99031 -212.4601 1067.718|
|328|0.00208795207413|342.4064 -288.9038 -41.81384|343.7357 289.5345 361.9779 289.5345 388.2 212.1848 361.9779 212.1848 1443.543|
|329|0.00197782755737|436.6045 129.1844 -70.5575|207.1836 -316.7282 636.2057 -316.7282 919.7012 -573.5882 636.2057 -573.5882 2997.083|
|330|0.00345169406927|272.1941 103.2101 26.85805|91.16088 41.47298 -11.54449 41.47298 382.5705 168.4819 -11.54449 168.4819 404.0184|
|331|0.000740327928884|345.7072 306.2993 21.07802|303.6737 -196.2889 -1046.573 -196.2889 166.2389 676.4183 -1046.573 676.4183 4788.291|
|332|0.00187108523761|378.2338 -119.8793 178.5586|1503.311 677.4623 -41.07481 677.4623 483.1906 124.555 -41.07481 124.555 395.9509|
|333|0.00333307526289|125.1074 -305.4752 64.772|286.4149 -3.119722 -211.4265 -3.119722 130.1054 -76.98174 -211.4265 -76.98174 649.0688|
|334|0.00091858188221|315.2353 -80.55068 1.486805|111.0802 -79.89161 170.1127 -79.89161 110.3515 -206.3234 170.1127 -206.3234 538.2839|
|335|0.0032124831279|374.982 -80.07048 -190.6506|1465.109 -530.8732 188.9831 -530.8732 442.3965 -6.838733 188.9831 -6.838733 493.9583|
|336|0.000321373832921|169.4844 324.5386 178.9411|1294.482 41.217 1281.236 41.217 18.91232 57.8247 1281.236 57.8247 1797.305|
|337|0.00219219768437|180.6462 233.1125 50.17517|101.3244 17.46563 -38.54279 17.46563 132.0896 -203.3341 -38.54279 -203.3341 584.5486|
|338|0.00393482333729|116.2366 260.7684 -60.89983|183.4845 -8.481502 227.2947 -8.481502 68.77682 -42.14287 227.2947 -42.14287 1112.898|
|339|0.00193071110368|334.0737 158.0661 238.7365|453.8897 374.7057 -157.9605 374.7057 667.9829 -78.42169 -157.9605 -78.42169 865.151|
|340|0.00266594869676|327.0616 124.4644 -82.52017|83.67989 101.6557 74.76754 101.6557 370.9262 226.2518 74.76754 226.2518 364.2552|
|341|0.000578614790258|474.0478 -154.6396 129.6424|374.8961 -193.4202 -694.0057 -193.4202 149.584 366.3846 -694.0057 366.3846 1872.641|
|342|0.000611342985398|411.2495 -141.7107 -135.3852|392.72 608.1841 508.0995 608.1841 1020.691 608.2258 508.0995 608.2258 2065.715|
|343|0.00147185742906|296.749 -80.12678 -39.8782|100.3129 195.1564 -521.0033 195.1564 498.6421 -1206.832 -521.0033 -1206.832 3400.365|
|344|0.000481989393089|416.9725 132.8432 -116.1465|113.5236 -51.33152 460.9464 -51.33152 299.0501 174.6721 460.9464 174.6721 2794.531|
|345|0.000858867923834|473.6401 -119.4462 32.75173|1148.106 2158.132 -439.718 2158.132 4238.874 -790.2372 -439.718 -790.2372 304.5924|
|346|0.00129549708005|100.0938 278.5155 52.06526|118.9424 16.71656 -94.60858 16.71656 164.2197 -133.8945 -94.60858 -133.8945 568.1514|
|347|0.00405375708509|281.5779 148.5919 -18.94949|70.59557 3.5206 -6.166578 3.5206 458.8575 -925.3272 -6.166578 -925.3272 2319.152|
|348|0.00328458797721|329.3171 296.018 -11.67668|192.3956 -76.28183 -384.1656 -76.28183 175.2309 185.0856 -384.1656 185.0856 3111.763|
|349|0.00337602292676|299.999 124.2351 78.34818|262.0494 108.7327 -402.3434 108.7327 134.349 -241.5292 -402.3434 -241.5292 1545.629|
|350|0.00221442768001|151.8975 224.241 49.67967|245.9118 -34.58265 208.6219 -34.58265 84.58394 -81.0696 208.6219 -81.0696 506.705|
|351|0.000814187017125|423.2208 38.73274 -11.22335|119.8415 -174.7548 182.6413 -174.7548 1347.783 -1362.042 182.6413 -1362.042 1510.989|
|352|0.000737591285728|417.9313 95.18069 31.19264|287.8768 -505.1645 194.8268 -505.1645 1016.119 -442.6162 194.8268 -442.6162 525.4282|
|353|0.00152874695627|264.9537 -227.2931 90.30672|122.3542 45.31036 -51.96129 45.31036 157.799 26.67676 -51.96129 26.67676 307.4568|
|354|0.00293284861839|478.3346 -236.4174 93.79071|191.2462 124.9393 66.40089 124.9393 379.9651 -178.7803 66.40089 -178.7803 1972.896|
|355|0.00387997636496|305.6531 -90.37905 -6.950131|64.14777 -44.35853 96.09795 -44.35853 717.5707 -1401.851 96.09795 -1401.851 3198.21|
|356|0.0037546205508|270.9452 -239.1387 7.62389|427.0449 370.0395 -847.73 370.0395 418.7089 -797.5093 -847.73 -797.5093 2255.128|
|357|0.00144938871696|81.13418 291.9279 75.39932|311.3977 126.6727 -64.47413 126.6727 124.3142 -28.005 -64.47413 -28.005 382.9712|
|358|0.00317547218587|207.5271 -180.1099 -84.85304|267.565 -33.14715 -20.72111 -33.14715 78.71977 -24.31143 -20.72111 -24.31143 409.9103|
|359|0.00346513004842|350.9388 34.15853 0.08754887|63.55214 -168.3449 244.5507 -168.3449 1408.735 -1746.797 244.5507 -1746.797 2376.481|
|360|0.00403456543736|265.061 -109.799 -47.97873|53.24581 -20.96903 46.40638 -20.96903 176.7553 -295.4464 46.40638 -295.4464 854.6933|
|361|0.00191083936505|296.2176 223.2921 76.33658|230.0904 -62.17107 -224.0031 -62.17107 61.66785 72.17761 -224.0031 72.17761 624.1544|
|362|0.00306289508182|278.2164 211.1947 12.0546|252.7818 -80.75002 -386.4552 -80.75002 71.0088 47.71417 -386.4552 47.71417 1557.727|
|363|0.00187451155683|395.0928 248.1579 -20.53394|148.9419 -76.82001 163.1042 -76.82001 280.876 -303.2222 163.1042 -303.2222 1264.947|
|364|0.00106736842519|463.7608 -91.85525 -40.31021|89.34114 -45.03263 -4.433294 -45.03263 358.5265 -574.3322 -4.433294 -574.3322 1976.226|
|365|0.00377669840083|103.6727 -265.3519 -70.9341|469.603 240.6434 -828.005 240.6434 208.7772 -410.4419 -828.005 -410.4419 1994.574|
|366|0.00216954168101|299.8369 -228.5023 -6.447631|999.6594 155.6953 -1633.781 155.6953 85.18811 -356.8883 -1633.781 -356.8883 3221.384|
|367|0.00184054352709|354.6099 10.67814 101.4772|96.13811 -107.9309 -41.67305 -107.9309 787.1025 -71.17249 -41.67305 -71.17249 153.9122|
|368|0.00217019895006|144.9688 -254.6288 68.60711|161.7384 89.17183 166.4841 89.17183 266.6785 181.2765 166.4841 181.2765 500.1552|
|369|0.00176622648055|462.6263 -114.366 -114.4888|952.2593 1258.981 1072.75 1258.981 1847.011 1290.871 1072.75 1290.871 1829.338|
|370|0.00399492694059|239.289 296.0005 -48.26138|220.9028 -93.58729 510.818 -93.58729 224.7366 -432.0638 510.818 -432.0638 2120.808|
|371|0.00351065658046|388.8985 52.60868 -54.81848|102.6468 50.11929 42.88799 50.11929 228.7792 -167.6635 42.88799 -167.6635 528.6328|
|372|0.00185967888094|410.8423 219.0482 98.37479|176.5564 7.720313 -127.8725 7.720313 145.5563 -463.7493 -127.8725 -463.7493 5046.898|
|373|0.000729900324948|-31.57648 -287.9448 -82.10658|1.466671 0.09245949 0.7476654 0.09245949 351.8873 476.9144 0.7476654 476.9144 4595.619|
|374|0.00133950489456|30.53021 -298.6082 -71.45334|527.593 88.59808 -299.6237 88.59808 55.97525 -87.84409 -299.6237 -87.84409 439.2654|
|375|0.00206828268917|276.5827 32.65901 49.2753|103.7438 -49.82384 -35.82825 -49.82384 79.24533 -58.21143 -35.82825 -58.21143 398.3379|
|376|0.00297046205704|322.182 -138.5805 -59.04468|161.1431 143.4426 41.39784 143.4426 236.8267 29.82041 41.39784 29.82041 197.6939|
|377|0.00225280032527|401.2121 183.3602 -67.65803|57.80851 -112.9772 163.3297 -112.9772 524.8549 111.8118 163.3297 111.8118 6122.713|
|378|0.00167457091986|396.0078 -212.4994 62.58725|520.1483 685.8956 118.7428 685.8956 1393.444 244.8421 118.7428 244.8421 343.2972|
|379|0.00287261112695|264.7859 -254.6306 70.98822|479.5764 -37.72189 -552.0804 -37.72189 104.5447 24.50967 -552.0804 24.50967 975.5176|
|380|0.00107541555885|466.1221 -143.7905 15.23451|64.46384 -62.25546 -75.84554 -62.25546 1743.478 845.3504 -75.84554 845.3504 782.1319|
|381|0.00192971911427|273.7096 166.5928 -21.71446|238.7298 -63.77655 478.2144 -63.77655 67.21553 -213.8512 478.2144 -213.8512 1399.767|
|382|0.00191651896082|449.7234 -45.00097 -53.4492|97.28575 44.45479 -208.5005 44.45479 566.6722 297.4938 -208.5005 297.4938 2013.486|
|383|0.00281202826498|150.1417 -281.7524 -19.82607|224.4043 102.3606 -1291.978 102.3606 167.2822 -1023.179 -1291.978 -1023.179 10259.33|
|384|0.00216409030366|388.693 -196.2655 -58.29024|323.7437 268.7471 -97.27044 268.7471 434.7092 -174.7407 -97.27044 -174.7407 599.0483|
|385|0.00355280547986|157.7279 -270.9582 -22.56929|589.2899 57.93111 -935.088 57.93111 72.49017 -186.7886 -935.088 -186.7886 2153.779|
|386|0.0034083158333|253.0909 258.6014 68.78618|167.1308 -38.9624 72.74276 -38.9624 209.3983 -192.3965 72.74276 -192.3965 618.895|
|387|0.00272205239186|282.722 41.81534 59.97135|107.7959 -30.59694 -38.67671 -30.59694 80.27917 -62.17131 -38.67671 -62.17131 334.9039|
|388|0.00144872444921|241.2957 303.0695 16.67217|228.5528 -11.73834 184.5882 -11.73834 82.94929 -94.51077 184.5882 -94.51077 436.7162|
|389|0.00217124723334|285.7093 -197.5763 -38.98044|884.7097 1048.157 -1788.828 1048.157 1322.078 -2268.579 -1788.828 -2268.579 4079.503|
|390|0.00074887683878|100.0325 -290.7427 157.267|53.60106 -29.40707 94.45539 -29.40707 489.8838 -298.5651 94.45539 -298.5651 858.2662|
|391|0.0012753190723|349.2476 -261.9274 11.19279|313.5988 417.4773 210.1362 417.4773 683.126 196.2244 210.1362 196.2244 915.0067|
|392|0.00318268236651|342.5169 146.36 -113.6551|99.17567 -1.84747 55.18983 -1.84747 136.2212 197.3013 55.18983 197.3013 761.3904|
|393|0.00126258904879|325.0026 -70.6439 -70.35851|77.46329 99.59696 -246.341 99.59696 243.0413 -421.0699 -246.341 -421.0699 1257.989|
|394|0.00307356657518|327.3368 119.1406 -14.57299|116.6561 -120.7602 -185.3648 -120.7602 255.4886 292.6601 -185.3648 292.6601 621.9543|
|395|0.00343899295342|276.5938 222.4134 37.77515|297.139 -163.1779 -115.3712 -163.1779 147.9405 7.975425 -115.3712 7.975425 705.3781|
|396|0.0010693697486|450.3314 -142.5503 114.4017|127.0156 30.61954 -175.2962 30.61954 116.0995 317.7281 -175.2962 317.7281 3838.447|
|397|0.00221659879791|209.4857 -274.8665 -87.99733|56.16705 23.30996 -61.83968 23.30996 288.2123 -594.415 -61.83968 -594.415 1825.743|
|398|0.00232943607097|295.7662 -39.46232 -67.06293|73.5743 250.0097 249.4429 250.0097 1519.15 1386.77 249.4429 1386.77 1464.133|
|399|0.00193096822976|273.849 28.1976 -86.49293|152.4145 174.6349 8.393115 174.6349 290.7384 -42.23299 8.393115 -42.23299 204.4624|
|400|0.000909803232437|416.7495 122.2614 50.47183|154.2133 -153.6521 201.9557 -153.6521 380.5849 -268.5646 201.9557 -268.5646 743.0453|
|401|0.00219944590141|421.8527 91.67837 -11.92551|198.249 -592.2144 79.25935 -592.2144 2244.944 -81.20143 79.25935 -81.20143 460.1671|
|402|0.000923834861674|428.6554 -19.09527 140.9212|77.79047 -25.12511 -39.12309 -25.12511 293.6782 -52.13813 -39.12309 -52.13813 534.0367|
|403|0.000969747691418|145.3386 -316.8518 147.2582|234.3204 -74.3239 -10.51974 -74.3239 102.6706 119.0193 -10.51974 119.0193 758.7064|
|404|0.000746453615588|136.2082 282.3192 169.2013|286.3763 89.34289 124.9742 89.34289 141.7914 108.9975 124.9742 108.9975 385.1722|
|405|0.00156619759911|134.1644 319.3066 46.12281|167.3959 -47.40318 173.1809 -47.40318 50.07319 -85.39598 173.1809 -85.39598 923.4105|
|406|0.00152959440733|249.2795 130.987 74.93093|90.92175 -71.51661 89.08598 -71.51661 257.5253 -211.5765 89.08598 -211.5765 405.2577|
|407|0.00328833836659|296.6282 -39.47309 83.35829|243.5041 202.1517 -11.43559 202.1517 287.9579 -28.18446 -11.43559 -28.18446 185.31|
|408|0.00346667889077|360.8627 -54.46437 95.83326|123.3348 -21.51506 -186.2261 -21.51506 121.06 64.67813 -186.2261 64.67813 611.8118|
|409|0.00392952866993|379.4605 -94.70864 -257.0405|901.4644 -2.899868 233.4157 -2.899868 447.2969 -76.79224 233.4157 -76.79224 705.9023|
|410|0.00186744439307|308.6307 -236.3423 -69.77894|257.4318 11.84216 13.20816 11.84216 172.0935 -351.5898 13.20816 -351.5898 925.5833|
|411|0.00180253755275|158.1306 -279.06 10.56006|246.4144 24.53894 -1496.117 24.53894 88.60327 -381.5543 -1496.117 -381.5543 11065.21|
|412|0.0026462549685|378.9998 256.1184 20.88286|453.2673 -239.8552 619.8682 -239.8552 248.8499 -479.4872 619.8682 -479.4872 3352.62|
|413|0.00158818568323|93.43156 -282.6548 18.71183|452.0087 -335.148 345.8058 -335.148 383.8818 -342.7717 345.8058 -342.7717 578.661|
|414|0.00207431830567|440.2762 -92.3081 154.6934|118.6544 -11.4098 -204.7193 -11.4098 609.4572 -316.4142 -204.7193 -316.4142 1592.124|
|415|0.0011124342603|170.5772 -218.459 38.63|305.0343 11.39752 -9.62871 11.39752 30.45671 -40.38465 -9.62871 -40.38465 303.2865|
|416|0.0014391544901|468.8798 -123.4341 -19.63199|755.9131 972.5068 -35.10864 972.5068 1362.762 -85.70971 -35.10864 -85.70971 428.8177|
|417|0.00388698419193|368.4984 -149.8929 162.2251|630.4298 -51.14149 -840.6962 -51.14149 213.1493 193.3459 -840.6962 193.3459 2327.131|
|418|0.00251023983264|126.0953 259.3282 11.79497|162.4373 -155.5473 107.939 -155.5473 508.1074 -128.7047 107.939 -128.7047 508.9138|
|419|0.00382689276029|216.3827 -277.4207 45.1544|158.3967 118.4353 187.9278 118.4353 221.238 219.552 187.9278 219.552 1363.129|
|420|0.000990302411703|387.4575 144.3937 163.2248|298.8175 328.1355 -565.3828 328.1355 465.7053 -708.3436 -565.3828 -708.3436 1947.846|
|421|0.00280619804506|423.616 167.4961 -32.11776|91.14368 -387.7139 -29.35423 -387.7139 3246.596 227.4457 -29.35423 227.4457 615.6502|
|422|0.00257259366956|275.5939 -62.05165 58.77999|180.9794 167.3254 -10.95586 167.3254 343.8255 -190.1096 -10.95586 -190.1096 371.3018|
|423|0.00380248099655|386.127 37.73053 5.681426|188.9961 -142.0386 135.879 -142.0386 273.8119 -381.0433 135.879 -381.0433 904.301|
|424|0.00155103476724|411.0007 -205.5862 -20.36915|182.5353 298.0226 -13.66367 298.0226 847.9639 -640.8986 -13.66367 -640.8986 1726.95|
|425|0.00358512577261|409.673 -177.3312 -16.30277|424.0185 540.1185 -349.6809 540.1185 923.3232 -410.9892 -349.6809 -410.9892 1227.999|
|426|0.00322304811932|419.8325 -125.8425 -219.9711|587.0749 176.1914 521.2148 176.1914 348.7873 -84.08656 521.2148 -84.08656 1417.51|
|427|0.0017774183119|107.4794 -268.1547 -42.18692|162.6483 106.2024 -284.7323 106.2024 169.1445 -284.2485 -284.7323 -284.2485 848.2394|
|428|0.00338579371809|125.3426 305.397 50.22038|359.7412 -112.995 523.0758 -112.995 113.2673 -205.8266 523.0758 -205.8266 1576.129|
|429|0.00120267562752|430.1289 -174.6832 21.64377|378.6625 193.2558 -193.438 193.2558 274.035 -154.0292 -193.438 -154.0292 421.6892|
|430|0.00185403123575|215.8064 217.3716 -34.54342|379.6509 -302.1773 -439.7526 -302.1773 328.097 332.8919 -439.7526 332.8919 784.0031|
|431|0.00163388718271|107.8549 -254.3447 30.82799|210.4024 -122.9798 361.4397 -122.9798 224.015 -269.4366 361.4397 -269.4366 1064.585|
|432|0.00191921802401|226.6602 164.9472 36.01744|44.79861 -19.32966 37.12404 -19.32966 159.1409 -62.96596 37.12404 -62.96596 316.7426|
|433|0.00176681984844|114.8745 267.2297 39.21742|128.499 141.0023 168.8192 141.0023 520.9363 742.3564 168.8192 742.3564 1457.278|
|434|0.00247452821415|238.7996 -47.91041 -34.46156|131.2254 62.63932 -64.76065 62.63932 118.7424 4.111916 -64.76065 4.111916 248.6003|
|435|0.0029300628322|421.1081 -143.567 -64.19596|335.1787 409.1075 -165.4598 409.1075 592.9662 -90.71811 -165.4598 -90.71811 4086.093|
|436|0.00261694107308|447.4994 -91.54641 -7.106937|57.58926 -21.76492 -20.92888 -21.76492 808.3038 -113.5936 -20.92888 -113.5936 2023.024|
|437|0.00170147787166|255.2546 -113.2256 85.78332|64.3595 -51.00303 90.45514 -51.00303 199.1129 -71.44534 90.45514 -71.44534 424.1574|
|438|0.0013957671254|363.5356 -3.530281 20.03606|38.79527 49.35175 13.46262 49.35175 275.9855 -173.3619 13.46262 -173.3619 515.8104|
|439|0.0017677266363|239.7649 199.7147 -113.1555|254.2239 110.4422 -93.63532 110.4422 97.50798 -63.9538 -93.63532 -63.9538 474.5676|
|440|0.00174536427398|229.9803 -68.01146 15.18425|86.66873 -33.35027 54.56515 -33.35027 133.3423 -43.15926 54.56515 -43.15926 173.2387|
|441|0.00208651429808|419.6353 184.2934 30.72823|103.0811 -106.8401 -26.32572 -106.8401 792.2248 -313.1481 -26.32572 -313.1481 948.9973|
|442|0.00289107704011|-22.05288 -291.2707 -97.67073|27.61292 7.202303 -70.17455 7.202303 386.1897 500.8646 -70.17455 500.8646 2538.409|
|443|0.002303592617|94.88609 -273.4566 55.48434|171.0728 -115.9606 169.2651 -115.9606 256.0764 -306.3999 169.2651 -306.3999 1068.225|
|444|0.00332121246938|135.7362 268.7899 76.98659|137.4305 80.36344 127.7131 80.36344 167.6875 111.4953 127.7131 111.4953 1109.901|
|445|0.0036560591007|436.7364 -140.965 6.24922|221.1466 229.5619 -22.29978 229.5619 454.5173 422.2839 -22.29978 422.2839 4841.942|
|446|0.00196334025202|385.9669 -218.3591 -0.5926529|341.495 253.9228 238.3669 253.9228 701.3713 -185.131 238.3669 -185.131 820.4697|
|447|0.00343084707726|356.6267 280.9608 7.881099|277.2747 -186.7043 -328.0065 -186.7043 242.4379 64.97807 -328.0065 64.97807 3147.532|
|448|0.00160689807227|-19.64721 -285.4806 -14.61038|49.04259 -18.69042 -131.7897 -18.69042 103.2271 71.22324 -131.7897 71.22324 1334.231|
|449|0.00264073056126|441.015 75.43105 -17.60728|70.69987 -355.3268 103.7559 -355.3268 4099.323 -338.0097 103.7559 -338.0097 694.2869|
|450|0.00351884657885|300.4471 -237.6629 -33.92099|231.0449 63.13187 -193.9646 63.13187 182.2728 -359.9386 -193.9646 -359.9386 1109.564|
|451|0.00321091450662|444.5476 -49.89258 10.39633|69.4136 52.04738 -146.2369 52.04738 1178.626 455.9238 -146.2369 455.9238 1691.235|
|452|0.00335869658426|17.2874 -287.4698 -49.63092|347.9512 -0.8045594 -154.1962 -0.8045594 90.7253 -79.84562 -154.1962 -79.84562 761.9088|
|453|0.00199808118149|447.5616 -43.12952 60.29453|55.15862 64.30167 -130.9735 64.30167 1430.026 57.59845 -130.9735 57.59845 2139.542|
|454|0.00244695486456|119.7413 282.2695 97.99806|154.371 67.27931 39.71432 67.27931 289.8068 323.573 39.71432 323.573 1282.552|
|455|0.00231920275698|418.0932 152.1919 -20.56859|127.9013 -423.0576 131.6534 -423.0576 1916.866 -424.5947 131.6534 -424.5947 1412.497|
|456|0.00208485591089|226.6367 -168.5578 64.784|90.76027 -18.00576 -70.29 -18.00576 118.7202 -0.4010271 -70.29 -0.4010271 275.0893|
|457|0.00199694921812|364.636 247.6037 23.84063|555.0621 -528.7952 -223.2556 -528.7952 558.3846 127.469 -223.2556 127.469 2706.194|
|458|0.00216987183699|104.7812 -287.9913 93.3618|190.9927 -142.7203 214.0618 -142.7203 303.1927 -351.0623 214.0618 -351.0623 1140.225|
