#|num|weight|mean|covariance matrix|
|0|0.0004948092|-32.81296 -2.075428 -139.1207|0.1380967 -0.7034701 4.597313 -0.7034701 6535.855 -809.7077 4.597313 -809.7077 7950.769|
|1|0.0008266944|234.1468 262.0411 -127.224|113.9454 -11.69789 60.03395 -11.69789 128.5136 94.48505 60.03395 94.48505 330.7777|
|2|0.001392933|192.8915 -283.1859 -302.8569|679.9056 -144.1203 34.03983 -144.1203 561.9158 -1.206362 34.03983 -1.206362 259.4973|
|3|0.001577309|-22.96114 287.9151 40.42232|43.58334 18.41253 10.99577 18.41253 171.7891 -148.6779 10.99577 -148.6779 903.0738|
|4|0.00110555|367.0556 221.2554 -285.4551|439.1178 -130.0075 218.9341 -130.0075 438.1315 29.97161 218.9341 29.97161 495.0319|
|5|0.001040063|335.1896 -67.11203 -309.0534|725.907 26.13568 -56.03271 26.13568 491.2498 46.91016 -56.03271 46.91016 185.0299|
|6|0.0008220326|438.0633 95.32275 240.4169|712.4551 142.8751 -499.7649 142.8751 224.3036 -80.41483 -499.7649 -80.41483 630.7209|
|7|0.0001986492|58.92359 63.85386 -332.1624|1196.745 -648.9265 -0.8146642 -648.9265 1120.911 3.420741 -0.8146642 3.420741 4.318607|
|8|0.001506219|33.6052 323.9366 95.54984|149.2603 12.51943 104.7309 12.51943 54.29849 -18.80328 104.7309 -18.80328 1017.662|
|9|0.0002368942|45.8504 4.731119 -335.2892|1361.384 -181.8585 -0.5667985 -181.8585 3358.608 -0.4188955 -0.5667985 -0.4188955 0.5872861|
|10|0.0006349228|433.7812 98.20149 -174.6489|302.2122 -145.0917 191.5925 -145.0917 191.2556 -7.930867 191.5925 -7.930867 591.4594|
|11|0.00195551|194.0387 -141.9994 -29.05932|318.8658 322.0346 -414.0873 322.0346 447.3083 -511.4115 -414.0873 -511.4115 971.6428|
|12|0.0003592161|82.59605 162.9631 -98.67032|441.8964 -252.1411 714.8409 -252.1411 193.1553 -556.3414 714.8409 -556.3414 2192.605|
|13|0.002069615|284.1857 204.3638 -87.18291|243.1014 -55.0318 303.3674 -55.0318 93.60729 -73.57668 303.3674 -73.57668 819.4008|
|14|0.001258011|291.033 -141.4435 -153.9571|123.0006 -0.9519919 -122.2718 -0.9519919 79.10117 -10.55732 -122.2718 -10.55732 976.8285|
|15|0.001564638|350.2812 21.12252 -122.564|102.2006 1.59555 91.49777 1.59555 143.543 0.7977772 91.49777 0.7977772 309.1825|
|16|0.0003571697|22.90796 -177.1937 -148.315|451.1698 18.71707 -297.8209 18.71707 27.86279 -24.15881 -297.8209 -24.15881 1353.598|
|17|0.0017472|30.45189 -274.4479 -102.5268|125.0887 -49.87162 2.243804 -49.87162 133.4392 -103.1505 2.243804 -103.1505 617.4672|
|18|0.000243619|635.5621 288.3299 -11.6726|2.610916 0.2790142 -0.4880103 0.2790142 134.1499 -188.6338 -0.4880103 -188.6338 3651.973|
|19|0.0007964685|194.1743 288.4668 86.19565|198.1352 18.02991 -141.1514 18.02991 75.06059 -57.51912 -141.1514 -57.51912 391.7775|
|20|0.0004417573|-32.75796 1.374557 144.5678|0.1822903 0.3784441 -0.05130503 0.3784441 5647.648 25.69216 -0.05130503 25.69216 5382.311|
|21|0.001380501|327.3062 127.8869 -141.6761|70.72884 28.03904 113.9648 28.03904 216.3099 13.73991 113.9648 13.73991 587.2643|
|22|0.0003194977|38.8684 -171.9381 63.53254|532.6068 135.3954 64.97498 135.3954 57.66528 -11.81559 64.97498 -11.81559 746.1079|
|23|0.0006474062|34.47109 333.5119 -39.75458|1339.312 7.572012 -2747.237 7.572012 2.241572 -19.46704 -2747.237 -19.46704 13467.09|
|24|0.0004106058|635.6144 -293.178 -30.17283|2.697909 -0.6208611 -3.422753 -0.6208611 355.5907 -279.6224 -3.422753 -279.6224 6492.178|
|25|0.002139274|348.7269 -124.4594 139.7957|1181.124 -61.24806 -429.4404 -61.24806 119.5926 92.01492 -429.4404 92.01492 717.962|
|26|0.0002291974|65.78589 171.2561 61.40107|313.3845 -118.2829 -380.4678 -118.2829 72.034 226.2927 -380.4678 226.2927 1312.72|
|27|0.001199094|320.6511 -34.05137 -120.6594|217.1195 1.408458 -0.761404 1.408458 67.69212 -28.07033 -0.761404 -28.07033 219.8788|
|28|0.0009437244|403.5643 -93.86864 -301.5026|433.7654 106.0211 161.308 106.0211 552.8106 54.01908 161.308 54.01908 284.074|
|29|0.0006746275|520.8065 81.83189 97.03435|272.9287 -135.953 105.8228 -135.953 220.9586 -79.99566 105.8228 -79.99566 579.5949|
|30|0.001591464|257.4565 58.9339 39.80827|87.88377 -1.961384 53.3945 -1.961384 106.3444 23.59753 53.3945 23.59753 272.8725|
|31|0.000387082|44.80279 -1.31091 332.4593|1123.678 -66.21157 2.325078 -66.21157 3087.839 3.159756 2.325078 3.159756 3.126175|
|32|0.0002355332|-19.777 7.304204 -327.4855|34.5192 -6.324584 -1.340659 -6.324584 4229.367 19.98396 -1.340659 19.98396 21.85977|
|33|0.001182116|100.8628 -333.4947 -107.7925|1856.664 -9.341641 -291.8984 -9.341641 2.526673 1.930389 -291.8984 1.930389 2733.876|
|34|0.0002107824|278.5745 -95.12158 -161.9321|95.18192 74.04397 1.638375 74.04397 112.3258 -53.73215 1.638375 -53.73215 364.0352|
|35|0.0004377188|159.5761 93.3582 -126.4601|188.3922 -275.454 51.72721 -275.454 469.3741 -156.508 51.72721 -156.508 1342.057|
|36|0.001122925|66.65255 306.1814 -259.9005|358.1917 -19.69282 4.053711 -19.69282 122.4672 169.488 4.053711 169.488 1567.603|
|37|0.00140142|225.5597 162.95 -129.0776|85.18231 27.2348 -242.4302 27.2348 175.8587 -322.3185 -242.4302 -322.3185 2110.058|
|38|0.00211665|276.1079 116.3753 -115.1842|625.2244 -417.857 6.843972 -417.857 348.4192 -44.68926 6.843972 -44.68926 252.4835|
|39|0.0003835283|180.8226 5.738302 -77.84562|38.59701 -18.11861 -56.71306 -18.11861 791.5363 117.3049 -56.71306 117.3049 362.632|
|40|0.001640944|322.0725 -138.8061 -85.5972|814.7577 266.4902 297.1188 266.4902 139.1389 76.93127 297.1188 76.93127 280.1449|
|41|0.001008994|260.5818 -230.0425 -125.1044|123.8431 8.092934 60.73617 8.092934 99.51223 -69.16972 60.73617 -69.16972 329.1223|
|42|0.001220837|221.7384 -136.7091 38.94774|104.8208 5.947204 63.83506 5.947204 97.81724 -14.32225 63.83506 -14.32225 275.8083|
|43|0.0001565732|169.2481 -74.90752 44.31171|13.21379 18.31629 55.11166 18.31629 136.5135 627.2816 55.11166 627.2816 5779.914|
|44|0.0004041098|79.09741 -20.91394 -328.8308|680.7791 273.908 -9.172607 273.908 1623.57 30.78756 -9.172607 30.78756 11.59187|
|45|0.0004179555|-27.41145 18.88759 -260.1622|7.038487 -25.89814 16.99977 -25.89814 3569.595 662.7214 16.99977 662.7214 799.1053|
|46|0.001424478|243.2384 3.782153 8.573446|48.3792 12.99022 -35.89358 12.99022 239.1957 -121.2 -35.89358 -121.2 366.7959|
|47|0.002089293|369.057 7.601504 73.83039|288.985 18.82411 41.81821 18.82411 86.58062 -3.633591 41.81821 -3.633591 272.5247|
|48|0.0008116775|249.8026 12.7655 -59.09885|154.3251 -129.1824 -240.2101 -129.1824 219.0809 288.5979 -240.2101 288.5979 632.3046|
|49|0.002429494|397.1281 -73.30218 -46.858|229.9059 53.51724 135.6835 53.51724 131.1963 -40.50977 135.6835 -40.50977 549.8122|
|50|0.001633258|222.5033 -171.2158 -108.2833|126.3333 -13.35558 74.9637 -13.35558 63.00924 -62.4938 74.9637 -62.4938 671.0098|
|51|0.0002922426|-33.4079 4.640806 -25.92841|0.01366994 0.05636286 0.5213819 0.05636286 7682.243 416.7705 0.5213819 416.7705 21922.36|
|52|0.002412607|333.1136 106.8773 -69.80814|65.59083 -77.21143 -84.97021 -77.21143 451.6776 514.0933 -84.97021 514.0933 895.4309|
|53|0.001082787|461.2812 -25.84586 7.786063|21.87851 60.7932 -19.35894 60.7932 1243.953 37.84033 -19.35894 37.84033 1303.814|
|54|0.0009135225|378.1104 -220.0069 -185.8938|123.1583 23.21537 77.49373 23.21537 541.9866 -320.0148 77.49373 -320.0148 809.458|
|55|0.001042173|210.546 -237.3326 67.89079|102.3721 4.894591 26.36344 4.894591 197.1214 -75.44167 26.36344 -75.44167 223.7178|
|56|0.001446842|301.4369 42.18869 27.17477|41.27443 18.52586 -19.93801 18.52586 180.4496 -131.1052 -19.93801 -131.1052 297.9291|
|57|0.0002884165|117.9427 -140.0232 67.70956|206.3181 141.3298 -164.3221 141.3298 121.0227 -158.6666 -164.3221 -158.6666 1385.179|
|58|0.0001790519|153.4388 -102.3423 -97.89839|120.2359 158.8312 36.37353 158.8312 250.1098 125.7862 36.37353 125.7862 698.8961|
|59|0.001355774|220.2244 -310.8099 -198.4827|241.1032 -34.01378 -48.70753 -34.01378 152.2759 -346.2497 -48.70753 -346.2497 2430.644|
|60|0.0004555171|23.5792 180.5221 -115.6165|389.5667 -37.80096 52.19062 -37.80096 38.94873 -131.4341 52.19062 -131.4341 1792.49|
|61|0.00229805|207.1931 127.4419 -44.39666|65.80747 -12.79519 -42.40997 -12.79519 233.1644 32.70282 -42.40997 32.70282 321.9734|
|62|0.002388194|315.7405 227.6496 -236.0784|768.1048 256.7787 30.50468 256.7787 292.8103 -54.87828 30.50468 -54.87828 1366.262|
|63|0.0007247956|-24.90256 -286.2915 -166.6908|16.65971 -19.33383 -107.3783 -19.33383 465.3215 1381.456 -107.3783 1381.456 6287.89|
|64|0.0003039845|17.12273 39.7192 -325.8279|397.5294 -454.5139 39.3501 -454.5139 1849.316 -59.89892 39.3501 -59.89892 20.82974|
|65|0.001520516|296.7141 -23.11469 -125.1905|120.0484 3.20865 -12.86427 3.20865 39.80001 -21.01505 -12.86427 -21.01505 1396.326|
|66|0.000109536|48.38449 -160.5654 -258.8855|249.808 -54.10661 263.783 -54.10661 54.5696 -125.9691 263.783 -125.9691 484.4993|
|67|0.002492074|116.2601 -310.5824 -155.743|318.6634 -97.01405 -179.9612 -97.01405 122.227 -51.86522 -179.9612 -51.86522 1288.808|
|68|0.0007002088|346.1341 68.2836 73.4192|78.05201 -1.795943 -18.58937 -1.795943 63.49035 3.105517 -18.58937 3.105517 202.3594|
|69|0.0008348417|473.9135 173.5493 198.9493|1251.454 21.06663 -1125.486 21.06663 199.3522 -189.6501 -1125.486 -189.6501 1398.221|
|70|0.0001612775|-18.51744 -175.4831 91.69865|43.72098 -19.73917 61.16177 -19.73917 46.60457 -26.66645 61.16177 -26.66645 1145.378|
|71|0.0002151603|188.0704 -16.21227 -2.466276|20.53272 23.19106 -86.36657 23.19106 83.06558 5.841122 -86.36657 5.841122 4636.976|
|72|0.001019943|436.5974 -279.6959 106.443|305.6641 345.2954 418.869 345.2954 730.8603 1317.687 418.869 1317.687 3769.296|
|73|0.0002021775|-22.18977 176.77 91.70091|25.53972 18.25915 12.2927 18.25915 81.6014 27.22863 12.2927 27.22863 1215.199|
|74|0.002475857|220.8477 -267.3846 -12.03305|420.551 170.9968 454.7948 170.9968 137.8226 186.8079 454.7948 186.8079 897.6694|
|75|0.0002533762|21.42479 -29.44731 -331.6854|508.1679 232.8089 12.4407 232.8089 2557.016 38.55089 12.4407 38.55089 5.084526|
|76|0.0001302881|145.0683 66.74966 203.0907|676.3668 -975.7878 -427.1247 -975.7878 1508.815 576.4385 -427.1247 576.4385 387.3526|
|77|0.000542191|402.6656 318.8233 -18.47163|67.89791 -30.98112 43.01026 -30.98112 98.03523 14.18669 43.01026 14.18669 931.8924|
|78|0.002541426|120.2199 273.713 -121.1413|829.7018 117.7639 45.96943 117.7639 83.07681 1.358876 45.96943 1.358876 491.2935|
|79|0.002017621|335.4773 226.4005 -46.77254|122.7118 35.61259 81.68552 35.61259 182.4376 19.54825 81.68552 19.54825 615.6013|
|80|7.756786e-05|57.26191 144.597 -310.0707|230.49 123.7986 102.2138 123.7986 101.0424 51.15143 102.2138 51.15143 123.313|
|81|0.002315114|181.1329 217.8184 -98.74131|79.23781 2.929605 59.45562 2.929605 127.4336 22.09367 59.45562 22.09367 716.7645|
|82|0.0007233696|-28.53095 16.82202 167.9567|4.254007 -7.221478 -24.68707 -7.221478 3464.501 -389.3894 -24.68707 -389.3894 2573.894|
|83|0.001304379|284.1699 -35.32569 -59.29107|156.4516 -163.3403 71.27132 -163.3403 307.2352 -234.6471 71.27132 -234.6471 499.7199|
|84|0.001116622|69.85944 155.5739 61.46807|603.1121 -242.2552 -124.7292 -242.2552 149.9666 118.5039 -124.7292 118.5039 3281.634|
|85|5.372954e-05|635.6243 12.79834 -187.3415|2.406306 7.647468 -0.1256323 7.647468 3004.206 -29.80338 -0.1256323 -29.80338 1045.578|
|86|0.001519182|129.1546 -200.9307 -42.62033|241.2325 -9.026746 15.97489 -9.026746 70.76244 46.90085 15.97489 46.90085 389.0769|
|87|0.0003105801|-24.4329 -18.04209 -308.6646|16.77167 -21.47983 5.813924 -21.47983 3425.63 -175.2922 5.813924 -175.2922 125.8714|
|88|0.0003844354|47.85608 166.6039 -232.1459|622.0142 -194.8754 -135.1643 -194.8754 160.1348 281.5443 -135.1643 281.5443 918.7173|
|89|0.001194649|100.2191 -289.172 -117.3196|167.156 154.8191 -115.6838 154.8191 342.3631 -198.6891 -115.6838 -198.6891 417.5614|
|90|0.0001936815|137.6884 77.13374 -278.262|233.8808 -307.3785 8.543382 -307.3785 679.4064 180.3443 8.543382 180.3443 209.6132|
|91|0.00189755|239.8585 177.4633 79.8468|75.56682 62.92195 74.03226 62.92195 499.6474 308.0574 74.03226 308.0574 487.9038|
|92|0.00241239|315.2573 -155.0994 -154.6908|261.9829 307.8293 -455.5885 307.8293 674.3225 -1097.491 -455.5885 -1097.491 2376.605|
|93|0.0010724|167.1563 217.5988 33.8917|271.4061 35.58137 171.9967 35.58137 51.14518 -36.73018 171.9967 -36.73018 533.6003|
|94|0.0004247554|145.9945 -101.5585 -122.4724|214.3846 276.0797 -194.8791 276.0797 407.628 -131.8979 -194.8791 -131.8979 2103.444|
|95|0.002048671|47.14005 -284.9089 -0.8412422|231.4687 58.63605 2.30733 58.63605 172.5607 110.9252 2.30733 110.9252 571.1458|
|96|0.001641624|293.2056 -328.4362 5.162794|331.5088 -2.108576 -42.4474 -2.108576 20.82209 -11.9906 -42.4474 -11.9906 4191.587|
|97|0.0002853235|118.871 -69.44593 259.2347|158.7696 -145.8796 -146.5716 -145.8796 554.1117 288.5874 -146.5716 288.5874 335.1168|
|98|0.0005205531|-27.77854 136.8562 16.44803|5.806842 0.5833928 -1.80844 0.5833928 330.0558 21.79249 -1.80844 21.79249 11548.63|
|99|0.0003998634|36.16436 160.6671 197.1518|643.2372 -152.5875 2.829078 -152.5875 142.8785 -224.5802 2.829078 -224.5802 753.5847|
|100|0.0006839005|136.2389 333.7921 -70.27943|203.4396 1.53083 -126.768 1.53083 1.907988 7.619345 -126.768 7.619345 5968.453|
|101|0.00126137|147.9987 295.6729 -154.1022|124.2241 29.50514 77.80512 29.50514 167.0974 -38.02545 77.80512 -38.02545 1068.481|
|102|0.0005866472|35.83426 -163.4494 -8.647704|490.0761 128.319 909.8035 128.319 59.58694 325.2064 909.8035 325.2064 6812.999|
|103|0.002117154|371.3414 -128.5734 43.29245|92.71779 28.01725 -58.6656 28.01725 161.6206 -51.21814 -58.6656 -51.21814 659.0417|
|104|0.00035495|-0.2657733 181.3214 75.75211|126.5433 18.67961 264.3157 18.67961 30.13621 50.93705 264.3157 50.93705 3559.169|
|105|0.0003014482|154.2684 100.0074 67.23405|136.1667 -223.954 239.5344 -223.954 431.3668 -335.9684 239.5344 -335.9684 1625.169|
|106|0.000138211|0.7235964 -119.3163 -322.1791|201.9375 -89.74393 23.89294 -89.74393 236.1999 -7.965912 23.89294 -7.965912 54.34574|
|107|0.0005750012|69.3753 -327.0545 -156.7742|2658.096 111.1513 -589.337 111.1513 20.58451 -38.12158 -589.337 -38.12158 396.534|
|108|0.0003131207|61.02795 -168.2281 -106.2685|465.9496 170.0097 -149.9608 170.0097 90.98456 6.737556 -149.9608 6.737556 793.0715|
|109|0.0005736625|-31.3708 -28.48069 -188.607|0.8557315 2.027471 13.52289 2.027471 4260.033 -832.0726 13.52289 -832.0726 4265.868|
|110|0.001173034|358.3913 141.503 127.2124|179.7488 66.10388 -100.4533 66.10388 388.2435 -380.3702 -100.4533 -380.3702 731.1644|
|111|0.0008827185|468.2341 -221.1998 178.6819|711.202 -564.3857 -1004.443 -564.3857 895.2917 942.5369 -1004.443 942.5369 1787.903|
|112|0.0003683093|-24.16297 162.7208 -166.5745|18.46415 12.76025 -23.58388 12.76025 176.4397 231.5697 -23.58388 231.5697 2833.556|
|113|0.001943106|214.4125 -299.271 69.58025|131.6149 19.28851 62.53077 19.28851 129.6485 202.671 62.53077 202.671 795.1011|
|114|0.001267165|497.8521 127.9005 153.146|286.7334 275.2696 -429.8627 275.2696 687.8334 -344.2628 -429.8627 -344.2628 1317.968|
|115|0.002268483|303.6186 183.1086 -277.7628|1255.026 106.0363 327.8492 106.0363 403.3807 79.48065 327.8492 79.48065 514.9501|
|116|0.001834495|328.84 -68.81629 -250.7758|467.6053 24.28206 278.0222 24.28206 473.3281 -95.56679 278.0222 -95.56679 822.3396|
|117|0.001843935|352.0235 63.93744 -122.2777|87.33741 20.47123 93.95906 20.47123 168.42 8.788258 93.95906 8.788258 810.689|
|118|0.0003320001|165.3825 -71.17323 66.31367|132.712 279.2767 38.81379 279.2767 660.1937 18.51622 38.81379 18.51622 1521.532|
|119|0.001283966|499.7462 -191.1087 98.29778|133.0059 4.049155 -79.94831 4.049155 230.9699 -15.31186 -79.94831 -15.31186 991.9662|
|120|0.001482691|151.8107 320.6856 -142.1466|175.2437 4.803658 180.2954 4.803658 51.542 41.18531 180.2954 41.18531 1343.361|
|121|0.001586693|521.231 -29.70862 -16.98973|170.1545 347.2594 -23.18273 347.2594 1066.238 -209.7984 -23.18273 -209.7984 726.377|
|122|0.000720359|-31.56097 91.99097 -8.668878|0.8408466 -7.78068 3.131464 -7.78068 1488.686 -439.3673 3.131464 -439.3673 16153.06|
|123|0.0009836408|-19.11833 148.1243 44.44614|28.60982 -6.426749 -39.04531 -6.426749 247.9734 -337.2087 -39.04531 -337.2087 8594.307|
|124|0.0009434504|142.216 -87.91468 -125.9473|217.5652 279.915 -148.294 279.915 485.672 -189.2432 -148.294 -189.2432 3475.897|
|125|0.00153154|306.6863 -38.46291 -192.8495|344.4648 35.97411 -399.343 35.97411 107.6847 -127.7678 -399.343 -127.7678 2976.326|
|126|0.0006459219|417.4201 -35.55218 10.87855|37.34087 29.22734 19.23776 29.22734 315.5606 60.35397 19.23776 60.35397 531.2336|
|127|0.0001432013|79.09869 116.9918 254.8675|65.94148 95.2688 -147.0584 95.2688 606.8038 -788.0693 -147.0584 -788.0693 1123.61|
|128|0.002251682|371.7105 163.3857 -3.705535|225.6213 -26.8006 63.73833 -26.8006 123.3611 -125.7466 63.73833 -125.7466 707.3197|
|129|0.002015586|338.1018 102.8374 -154.9783|261.4436 -322.7505 619.958 -322.7505 740.1395 -1049.291 619.958 -1049.291 2121.866|
|130|0.0009440812|414.7173 223.7455 -143.9009|355.1828 -131.5823 1153.013 -131.5823 207.9344 -432.4761 1153.013 -432.4761 4671.701|
|131|0.000286073|170.9139 -36.77755 -216.2106|80.3101 31.30966 233.1234 31.30966 704.1375 -399.3504 233.1234 -399.3504 1273.976|
|132|0.0004846235|171.8724 -47.04422 -112.8722|63.00673 101.9415 -148.0728 101.9415 521.5114 -160.0836 -148.0728 -160.0836 1275.495|
|133|0.0008947694|264.7354 102.1256 -5.636618|101.6525 132.7463 -64.05956 132.7463 341.8615 -160.2039 -64.05956 -160.2039 238.125|
|134|0.0007805187|463.2141 -113.6507 146.8675|59.39516 -34.95256 -78.87164 -34.95256 244.2698 42.18741 -78.87164 42.18741 1633.157|
|135|0.0003854357|296.1178 333.0717 -19.40676|342.3724 1.56001 -48.98584 1.56001 3.234725 4.710597 -48.98584 4.710597 1928.52|
|136|0.0005211985|122.1037 130.1542 -100.17|271.1206 -244.2196 278.9893 -244.2196 334.6833 -393.9599 278.9893 -393.9599 1215.594|
|137|0.001469731|156.3092 186.6232 -16.98633|398.8824 -307.0161 464.1107 -307.0161 325.834 -415.5266 464.1107 -415.5266 912.8994|
|138|0.001939893|458.3358 -244.8797 -24.58572|140.6544 324.2161 -42.20633 324.2161 1300.962 -90.11774 -42.20633 -90.11774 795.3213|
|139|0.00261495|214.946 293.5844 -34.98306|572.6855 -242.0086 1011.181 -242.0086 199.4256 -483.7825 1011.181 -483.7825 2341.28|
|140|0.0002723049|-25.20587 -163.4527 -142.1983|16.32762 -21.21187 -35.41421 -21.21187 117.3665 53.6767 -35.41421 53.6767 2888.7|
|141|0.0006276151|108.07 -134.4828 75.32241|559.4195 392.0751 -53.45476 392.0751 309.9664 -110.4789 -53.45476 -110.4789 2583.697|
|142|0.0002509327|26.59563 60.2538 312.0368|227.5535 -132.2263 59.12573 -132.2263 1140.562 -170.0327 59.12573 -170.0327 90.80869|
|143|0.0002700705|361.0409 173.2055 -62.18008|313.5115 -342.9481 36.58746 -342.9481 474.0832 36.15803 36.58746 36.15803 160.7734|
|144|0.0009611291|308.0187 102.7265 -150.9426|88.71393 3.127064 -16.24654 3.127064 74.73013 -0.4075913 -16.24654 -0.4075913 953.6986|
|145|0.001490267|314.4989 -198.0821 -119.3365|169.2099 -93.34832 75.39464 -93.34832 176.9465 -136.2155 75.39464 -136.2155 433.7065|
|146|0.000866437|388.3041 49.90108 10.51771|135.333 -81.05888 39.05651 -81.05888 117.0702 -123.415 39.05651 -123.415 339.6817|
|147|0.0002260093|85.81226 -83.92186 291.3886|253.7207 116.8767 -3.765999 116.8767 157.0375 49.26556 -3.765999 49.26556 218.7012|
|148|0.0001629506|175.9249 59.03827 33.92412|41.53188 -38.53268 39.81206 -38.53268 105.0065 -33.46153 39.81206 -33.46153 377.5555|
|149|0.001085567|133.2032 268.5452 -37.91188|239.6905 -93.24904 -117.366 -93.24904 69.73927 67.15678 -117.366 67.15678 937.4486|
|150|0.0006032374|-3.793353 165.111 62.51888|111.0917 14.43847 -488.1841 14.43847 73.85278 -65.09983 -488.1841 -65.09983 5775.887|
|151|0.002680634|400.105 -137.3822 193.7619|716.0184 207.9909 -628.0239 207.9909 322.8931 176.8927 -628.0239 176.8927 1947.888|
|152|0.0005006799|-28.00348 -117.887 147.9225|6.446384 -1.201584 29.44655 -1.201584 636.9139 573.1278 29.44655 573.1278 4125.139|
|153|0.000404087|-9.411118 172.457 -118.9642|84.28952 -12.70289 -131.1344 -12.70289 69.26685 -92.75204 -131.1344 -92.75204 3011.672|
|154|0.001737101|292.3099 -201.5556 -122.2958|145.9493 33.17719 91.01345 33.17719 113.5894 -99.59899 91.01345 -99.59899 861.4178|
|155|0.0001024922|108.7621 -116.2481 -281.0113|299.4565 113.6644 330.8714 113.6644 90.92575 77.34409 330.8714 77.34409 492.2862|
|156|0.001488352|313.934 150.2109 36.70417|690.0856 199.9093 -246.3576 199.9093 132.8953 -118.5806 -246.3576 -118.5806 380.5849|
|157|0.000886268|-17.42874 -23.1281 -273.8368|31.34939 83.71349 -4.159622 83.71349 3083.908 -117.6834 -4.159622 -117.6834 497.6873|
|158|0.001828271|357.7234 -63.25469 69.52276|223.1136 -155.0615 -441.7048 -155.0615 205.6945 327.2003 -441.7048 327.2003 1140.408|
|159|0.001774502|230.6014 -80.33806 -8.830025|74.05715 -41.48753 88.39344 -41.48753 218.5479 -74.40577 88.39344 -74.40577 359.9163|
|160|0.002476505|281.8918 -37.68616 -3.524343|41.2726 9.427519 23.65311 9.427519 195.0816 -335.9468 23.65311 -335.9468 1069.318|
|161|0.001026093|272.5611 155.7122 -103.1097|104.5551 99.8676 39.92673 99.8676 292.7762 222.8735 39.92673 222.8735 415.9169|
|162|7.160115e-05|28.40585 -150.4909 263.5621|75.79681 -25.22431 -34.037 -25.22431 83.00739 -6.235666 -34.037 -6.235666 80.896|
|163|0.0004068598|-3.093039 242.3741 1.623987|225.0738 -18.65541 126.7218 -18.65541 47.75935 -30.17545 126.7218 -30.17545 278.5093|
|164|0.001748489|223.9816 -323.8117 -58.32373|280.7909 -23.20989 97.07831 -23.20989 44.71242 -13.32999 97.07831 -13.32999 1195.95|
|165|0.001988055|274.5238 216.5522 -26.52002|156.2055 -183.6927 -215.9589 -183.6927 409.2034 512.1619 -215.9589 512.1619 951.1306|
|166|0.001905539|-25.69841 65.48206 30.68511|8.051229 0.4411827 6.346351 0.4411827 1565.04 191.5298 6.346351 191.5298 9095.853|
|167|0.000395741|29.74071 -47.78616 307.8911|523.3647 -84.23196 -91.15508 -84.23196 545.9843 84.56915 -91.15508 84.56915 134.2323|
|168|0.0009492354|33.32925 -235.0278 -26.22411|597.5048 45.0771 -506.9847 45.0771 57.80962 -58.2952 -506.9847 -58.2952 730.4889|
|169|0.0004748914|-5.157831 24.82611 -313.4438|111.2806 -136.522 1.539865 -136.522 2278.069 -57.5592 1.539865 -57.5592 78.95706|
|170|0.001970354|262.4317 -117.2967 13.82044|499.421 241.5155 -1.292892 241.5155 192.2639 13.59159 -1.292892 13.59159 285.9014|
|171|0.0001370638|1.517576 -158.5578 206.6104|169.1413 -85.53722 -114.8596 -85.53722 117.2767 97.96103 -114.8596 97.96103 257.7749|
|172|0.0004933511|149.2006 331.7538 185.9062|417.027 2.092039 -149.0049 2.092039 7.225085 -6.632175 -149.0049 -6.632175 1858.1|
|173|0.00028274|157.2951 80.71954 -212.5112|143.6265 -203.5615 65.21558 -203.5615 535.6024 265.4004 65.21558 265.4004 893.7469|
|174|0.0001879585|77.75927 -90.06176 -325.2455|913.2354 601.1619 39.41766 601.1619 541.6922 21.68364 39.41766 21.68364 31.00744|
|175|0.0003014601|-24.3407 74.72604 -287.2015|15.29855 -17.07586 11.10382 -17.07586 843.1672 -85.23326 11.10382 -85.23326 396.727|
|176|0.0006450008|462.3495 -78.13506 -125.62|2177.043 1654.718 3004.143 1654.718 1533.006 2040.747 3004.143 2040.747 4578.341|
|177|0.001068452|137.9278 -316.1024 17.74553|272.6639 -44.57353 75.80593 -44.57353 62.04404 -36.46433 75.80593 -36.46433 347.4854|
|178|0.001954198|340.788 158.8816 141.0865|735.5309 520.8924 -389.7772 520.8924 538.3992 -261.8381 -389.7772 -261.8381 726.7618|
|179|0.002368576|46.47394 292.2823 71.15476|670.6864 -386.1317 35.29986 -386.1317 342.8091 61.47333 35.29986 61.47333 508.2806|
|180|0.0004574854|384.7663 -169.9992 -56.39491|164.3697 157.0521 90.40723 157.0521 235.2863 132.262 90.40723 132.262 372.3344|
|181|0.000676492|313.4061 302.6012 142.534|152.0836 -83.66212 -95.73516 -83.66212 255.6439 32.74968 -95.73516 32.74968 515.5739|
|182|0.0007975343|311.584 194.2599 -316.9975|1118.219 71.80174 24.5225 71.80174 568.5191 33.19689 24.5225 33.19689 79.81506|
|183|0.002111525|121.9434 3.342335 -8.467775|262.4008 -47.20647 -87.23647 -47.20647 1035.37 120.6242 -87.23647 120.6242 999.4757|
|184|0.001142125|231.6858 169.2254 -14.3696|78.18004 -18.84686 212.6754 -18.84686 54.99577 -77.82318 212.6754 -77.82318 1067.352|
|185|0.0003762654|109.3501 147.6325 80.94429|367.9347 -214.8095 -78.44255 -214.8095 153.317 36.79739 -78.44255 36.79739 1297.136|
|186|0.0006531524|536.0147 70.90113 -3.463897|76.15714 -98.72133 -70.02666 -98.72133 549.2889 -20.91243 -70.02666 -20.91243 726.9406|
|187|0.00111326|458.0986 -116.1383 -71.91323|114.1659 -88.11716 213.989 -88.11716 1191.663 -1011.999 213.989 -1011.999 1498.247|
|188|0.0003784333|14.2186 -53.70515 -323.1843|329.6531 -20.91346 16.11579 -20.91346 1368.978 74.0162 16.11579 74.0162 29.25151|
|189|0.000401614|55.72511 79.91563 -323.5893|904.2735 -469.308 -15.22738 -469.308 860.6418 -7.9456 -15.22738 -7.9456 24.29103|
|190|0.001244104|242.5654 210.0797 66.4731|167.0598 -3.496331 57.05286 -3.496331 111.3491 -4.950407 57.05286 -4.950407 227.1263|
|191|0.001667132|468.3497 190.8385 -5.378509|1364.142 -2081.599 1235.923 -2081.599 3322.629 -1861.688 1235.923 -1861.688 1818.091|
|192|0.001813487|497.9211 156.8458 -36.23968|370.0974 -509.2223 67.56257 -509.2223 877.3645 3.665761 67.56257 3.665761 653.1118|
|193|0.0004173355|107.3392 -137.3851 -100.2488|198.725 79.29636 -216.4553 79.29636 89.53969 34.75808 -216.4553 34.75808 2114.427|
|194|0.001313246|59.53536 234.7527 -44.16175|179.7445 -77.0883 -63.09482 -77.0883 139.6157 -10.27202 -63.09482 -10.27202 323.3348|
|195|0.001863814|504.6306 177.7023 89.48367|170.2874 -120.8512 142.7326 -120.8512 409.2918 36.50288 142.7326 36.50288 2016.452|
|196|0.0006301784|105.5101 131.5282 127.414|394.1272 -114.748 -515.0598 -114.748 74.30016 2.422652 -515.0598 2.422652 5721.593|
|197|0.0006088321|113.4994 -98.3387 -245.4161|493.1822 343.8197 184.7406 343.8197 611.7583 -406.9514 184.7406 -406.9514 1161.863|
|198|0.0003998026|443.3416 -134.4923 6.588897|733.8954 1535.448 -1799.017 1535.448 3537.362 -4137.599 -1799.017 -4137.599 4943.057|
|199|0.001044677|-27.59169 27.73904 -150.8674|4.530766 -30.1051 24.08122 -30.1051 3331.896 -76.94358 24.08122 -76.94358 3424.054|
|200|0.001306788|273.1417 12.53971 -104.3745|72.6675 48.63226 -55.63044 48.63226 224.1975 -366.8898 -55.63044 -366.8898 916.9811|
|201|0.0007464371|307.5358 301.0135 -44.57855|136.1251 -96.15549 -168.7267 -96.15549 176.9935 -24.14477 -168.7267 -24.14477 1380.111|
|202|0.0005610777|99.65786 138.4461 -223.8848|381.2077 -168.0711 325.71 -168.0711 222.748 166.7214 325.71 166.7214 1631.278|
|203|0.0024303|176.5034 -228.4519 -10.35828|219.8583 13.76963 -444.6295 13.76963 55.07873 -38.25723 -444.6295 -38.25723 1715.235|
|204|0.0007755012|145.2538 93.69965 -146.9528|301.6698 -425.2251 254.3541 -425.2251 727.7671 -281.8633 254.3541 -281.8633 1942.217|
|205|0.0001324393|152.179 37.58266 256.9554|128.0142 -16.41519 -170.2349 -16.41519 52.92871 0.110297 -170.2349 0.110297 559.3603|
|206|0.001401599|277.6171 -114.3364 40.40886|118.9177 158.9215 121.7162 158.9215 796.3773 468.759 121.7162 468.759 406.3754|
|207|0.001651635|160.6199 305.1068 -87.05224|219.6549 -92.20593 -104.1001 -92.20593 131.3973 140.5178 -104.1001 140.5178 511.8097|
|208|0.002450831|-19.83854 287.7119 -77.18006|59.49796 -16.36489 0.2470087 -16.36489 196.7952 226.2254 0.2470087 226.2254 1161.007|
|209|0.0006902842|-26.20193 -73.10822 -216.335|9.32408 11.32841 33.62739 11.32841 1305.518 -60.16061 33.62739 -60.16061 1903.197|
|210|0.002445261|218.7408 107.977 -0.4889262|178.9714 -56.50171 38.15791 -56.50171 102.8069 65.48724 38.15791 65.48724 401.9023|
|211|0.00137714|208.2615 -323.9361 -247.4553|746.0099 -19.51787 125.5717 -19.51787 42.74363 -34.65796 125.5717 -34.65796 1695.621|
|212|0.001310342|238.9617 55.42101 -52.52639|70.5741 -56.31525 89.44738 -56.31525 190.4113 -114.9806 89.44738 -114.9806 453.5219|
|213|0.0005289609|478.0199 41.2348 107.6327|434.6238 301.309 257.5916 301.309 294.8339 103.3458 257.5916 103.3458 1262.088|
|214|0.00106455|-23.98042 -116.6819 -6.207022|14.80595 13.93309 134.9008 13.93309 489.5098 -194.6631 134.9008 -194.6631 11185.18|
|215|0.001107622|50.55622 -153.7115 -121.7678|553.2775 142.106 -226.5547 142.106 140.4096 43.40054 -226.5547 43.40054 2045.347|
|216|0.002304644|40.05006 285.8134 8.375392|250.8217 -139.4225 371.0903 -139.4225 181.9011 -316.2333 371.0903 -316.2333 1188.947|
|217|0.001366362|330.5138 -114.4576 32.59865|443.159 -274.9388 -246.7689 -274.9388 256.074 130.1084 -246.7689 130.1084 428.6412|
|218|0.001028666|80.50966 323.5613 -268.8226|722.314 9.899048 215.3153 9.899048 41.12126 53.36642 215.3153 53.36642 1234.217|
|219|0.002638259|193.6849 -246.2554 -125.3248|117.5567 -22.25264 -33.05903 -22.25264 285.0566 -104.6663 -33.05903 -104.6663 826.0976|
|220|7.623354e-05|-17.17319 1.351573 332.2523|36.99945 39.31301 0.590039 39.31301 4343.822 0.9200521 0.590039 0.9200521 3.639918|
|221|0.0009261363|-10.21242 143.6976 -128.7345|70.15794 12.15204 137.8048 12.15204 255.2247 -100.4024 137.8048 -100.4024 3356.697|
|222|0.000592512|55.19034 -328.3206 97.17252|560.6141 81.38755 50.53024 81.38755 31.40048 7.048972 50.53024 7.048972 361.6447|
|223|0.001264087|77.29818 228.6744 -2.009151|180.8477 33.7089 -5.844086 33.7089 82.28476 53.49145 -5.844086 53.49145 414.5236|
|224|0.001303915|-21.01744 108.558 -84.00024|21.18543 -12.86159 151.0067 -12.86159 724.7431 -236.2929 151.0067 -236.2929 6705.639|
|225|0.002694822|347.2789 -32.84638 -19.41735|69.28698 77.87441 123.5007 77.87441 334.3521 351.4515 123.5007 351.4515 708.0809|
|226|0.001655467|103.2351 -119.7658 46.85543|557.863 351.4291 116.9363 351.4291 340.0392 -118.0218 116.9363 -118.0218 3891.29|
|227|0.0004049395|313.7604 328.0011 56.23036|205.9558 -18.88952 -783.8407 -18.88952 18.143 46.536 -783.8407 46.536 5449.055|
|228|0.0004773039|180.3457 19.29269 55.78482|47.30233 -65.54259 -64.66933 -65.54259 369.7871 197.3784 -64.66933 197.3784 1424.156|
|229|0.000792051|65.45948 59.92934 -307.7414|897.2797 -289.8228 131.2798 -289.8228 1211.484 75.37502 131.2798 75.37502 93.96378|
|230|0.0007943995|94.04243 83.17719 246.8193|655.863 -340.3632 -249.4969 -340.3632 911.0206 -389.0867 -249.4969 -389.0867 656.5007|
|231|0.0005004807|474.5695 -75.86978 -144.6717|398.8414 446.0848 466.17 446.0848 887.3215 543.513 466.17 543.513 692.9778|
|232|0.001623963|305.5403 207.2105 62.60678|247.5288 0.8715651 -357.8348 0.8715651 48.53392 -47.48516 -357.8348 -47.48516 1163.544|
|233|0.0006491374|426.2237 1.263449 -49.63894|60.44491 111.975 -95.04463 111.975 424.5497 -82.09167 -95.04463 -82.09167 1265.666|
|234|0.0005712367|176.6367 23.23757 -133.0039|53.28531 -25.26648 -42.7849 -25.26648 532.1289 351.7443 -42.7849 351.7443 1305.808|
|235|0.0003583471|-27.09503 23.12211 268.7816|7.975722 30.94397 31.10429 30.94397 3041.576 -40.13644 31.10429 -40.13644 710.2653|
|236|0.0006423664|432.7336 -126.9283 234.3874|284.1161 109.926 -155.7941 109.926 445.3791 -63.80119 -155.7941 -63.80119 303.8807|
|237|0.002044548|188.0387 -286.8277 -79.7224|250.6018 -167.1823 147.2663 -167.1823 328.4108 -326.8294 147.2663 -326.8294 710.1788|
|238|0.001161498|80.01574 71.40102 -276.8706|734.6158 -343.4545 173.7616 -343.4545 852.0599 -195.0584 173.7616 -195.0584 333.1747|
|239|0.001964927|-21.17578 -10.87096 -86.24274|14.84041 84.73493 58.69154 84.73493 2946.86 1354.99 58.69154 1354.99 4741.157|
|240|0.0005931139|393.5484 -312.2803 109.7875|899.3584 -148.5722 -194.9804 -148.5722 80.30932 6.855939 -194.9804 6.855939 722.8272|
|241|0.001502546|157.451 -24.44274 -88.10483|124.1863 124.5773 -128.6116 124.5773 791.3279 587.8022 -128.6116 587.8022 2750.784|
|242|1.85829e-05|133.7804 -101.5588 269.3625|621.4148 -4139.889 -5.63156199999 -4139.889 29428.73 29.47814 -5.63156199999 29.47814 9.007896|
|243|0.001168223|286.227 -191.9099 87.24169|112.3246 29.74007 -40.09735 29.74007 158.4109 70.88892 -40.09735 70.88892 277.9461|
|244|0.0006751853|-19.28618 -152.8381 77.4212|33.23809 -0.4016826 22.64377 -0.4016826 120.3556 -46.33811 22.64377 -46.33811 5787.538|
|245|0.001678421|433.4208 -92.35151 -2.690664|48.00657 -0.5938609 -341.647 -0.5938609 431.8073 -154.1537 -341.647 -154.1537 5988.968|
|246|0.0008947871|303.1436 -236.9695 14.18636|94.33774 -4.211158 -68.42031 -4.211158 212.3168 -115.4036 -68.42031 -115.4036 327.9308|
|247|0.001634503|89.19485 310.4717 -60.1104|305.8538 83.83988 1267.667 83.83988 93.79367 378.7086 1267.667 378.7086 6990.602|
|248|0.001354071|386.4195 -80.96559 -107.8963|79.09399 35.89909 13.02561 35.89909 186.2605 -274.5964 13.02561 -274.5964 1378.6|
|249|0.001430044|112.4843 -249.4311 79.16759|259.1888 91.98524 -45.93169 91.98524 138.7663 -125.5634 -45.93169 -125.5634 525.0947|
|250|0.001140965|407.5114 132.9048 -63.02267|149.1329 -169.4444 -76.62906 -169.4444 453.004 138.2671 -76.62906 138.2671 464.7342|
|251|0.0009398355|183.9895 187.673 -78.42294|126.5225 -5.697339 -84.84914 -5.697339 91.62623 -19.86802 -84.84914 -19.86802 314.5372|
|252|0.001795977|380.3396 -248.7037 216.5328|757.4697 -193.0278 -477.3851 -193.0278 316.9862 288.6652 -477.3851 288.6652 1034.573|
|253|0.002008984|155.8281 314.0154 -36.45262|537.0178 -47.561 -696.2563 -47.561 54.44334 30.73661 -696.2563 30.73661 1425.452|
|254|0.0002184608|49.66183 -168.7907 139.8238|341.5301 134.9035 501.8575 134.9035 99.73595 325.7656 501.8575 325.7656 1416.929|
|255|0.002367538|227.7979 -189.6051 -58.92995|329.1541 296.993 -301.1411 296.993 397.3763 -294.8032 -301.1411 -294.8032 549.865|
|256|0.002266912|263.6273 105.2571 76.13704|239.2663 -68.04059 218.2842 -68.04059 102.5999 -77.54659 218.2842 -77.54659 542.6919|
|257|0.001017844|333.0461 -25.50272 57.11218|159.0702 32.57431 -237.5193 32.57431 77.33761 -37.09404 -237.5193 -37.09404 596.5474|
|258|0.001022659|18.24977 -12.88865 -300.494|288.0742 60.02236 -63.71138 60.02236 2362.959 -47.23481 -63.71138 -47.23481 141.4902|
|259|0.001170299|233.2536 -60.18147 -58.69257|118.762 54.03352 -70.84177 54.03352 107.4776 -53.4355 -70.84177 -53.4355 203.2375|
|260|6.023623e-05|-19.15235 149.9805 279.1481|19.51745 18.04119 -42.07742 18.04119 112.2662 -110.7131 -42.07742 -110.7131 281.7769|
|261|0.0004184167|442.0398 128.7747 -95.80399|105.7185 -161.2788 526.8641 -161.2788 472.0548 -471.0062 526.8641 -471.0062 3862.46|
|262|0.000287758|112.2426 -109.0569 -261.0084|566.0134 452.2213 174.3355 452.2213 617.1227 -270.6898 174.3355 -270.6898 822.1324|
|263|0.001808134|44.11274 280.5558 -134.2613|141.0701 -31.51585 37.18476 -31.51585 157.6436 -301.6427 37.18476 -301.6427 1862.19|
|264|0.001741791|390.5966 -57.06839 -232.5223|999.8536 -440.6372 512.1089 -440.6372 324.9983 -262.0888 512.1089 -262.0888 1618.328|
|265|0.0002747604|94.58681 82.19334 -316.4625|490.923 -516.8602 -20.14816 -516.8602 875.6143 73.13717 -20.14816 73.13717 69.81702|
|266|0.0001311508|66.70079 60.87469 309.7928|177.2717 -606.0046 56.68649 -606.0046 2587.761 -246.7884 56.68649 -246.7884 70.90337|
|267|0.001368077|308.8625 -150.5109 186.827|705.8029 -541.4636 703.2927 -541.4636 619.3384 -597.1995 703.2927 -597.1995 1643.468|
|268|0.002045719|342.1021 -136.4242 -121.8988|125.9566 32.60177 159.1902 32.60177 100.0828 50.38203 159.1902 50.38203 710.584|
|269|0.0001850481|169.2755 -18.9547 134.9886|94.25473 79.53652 -606.3798 79.53652 111.2464 -589.4844 -606.3798 -589.4844 6445.002|
|270|0.001667654|286.9269 152.4153 24.92272|83.30634 -34.61015 434.5651 -34.61015 188.3148 -1246.798 434.5651 -1246.798 11206.38|
|271|0.00163598|85.28458 45.32266 47.8491|440.5332 -9.607223 -273.5299 -9.607223 475.2521 89.12637 -273.5299 89.12637 882.4419|
|272|0.0006220345|80.03754 -12.3913 -318.233|615.6114 241.8005 -34.88192 241.8005 1525.012 -12.87003 -34.88192 -12.87003 41.05787|
|273|0.0003342888|442.0455 218.8078 13.80381|94.28538 -221.8572 92.42107 -221.8572 819.8419 -413.1861 92.42107 -413.1861 473.3278|
|274|0.001011068|140.0172 328.2613 -39.72968|92.28722 -2.119127 48.82343 -2.119127 10.94386 -30.76145 48.82343 -30.76145 8058.28|
|275|0.0003030114|155.717 13.07661 215.7169|224.9868 5.197778 -470.4354 5.197778 234.0868 -78.48475 -470.4354 -78.48475 1283.127|
|276|0.001334673|330.9094 127.8517 -54.18576|208.364 -436.7733 89.35576 -436.7733 1205.104 -203.2492 89.35576 -203.2492 167.7883|
|277|0.001907393|22.41124 51.97482 39.12541|221.9397 -81.58211 -240.7611 -81.58211 988.201 435.4859 -240.7611 435.4859 1275.016|
|278|0.0001948909|-20.21956 -89.72699 278.8195|18.68294 -34.43131 -9.521533 -34.43131 1527.874 527.3105 -9.521533 527.3105 483.5778|
|279|0.0004846368|415.8218 79.77631 223.3107|319.7064 -179.3858 -34.16991 -179.3858 405.7406 -221.806 -34.16991 -221.806 340.2073|
|280|0.002493135|102.2894 65.67718 -43.65297|702.8876 -641.5009 -599.7321 -641.5009 977.4941 650.9296 -599.7321 650.9296 1872.635|
|281|0.001623769|173.3787 234.7663 13.60228|517.5924 -198.8579 372.4362 -198.8579 138.4734 -180.7265 372.4362 -180.7265 587.8205|
|282|0.002257179|343.8541 -52.38703 -86.77116|96.72285 -42.35865 149.2973 -42.35865 144.6393 -217.7662 149.2973 -217.7662 884.9949|
|283|0.00253173|251.4948 310.1769 -18.37098|510.9687 -53.78173 528.5981 -53.78173 151.2153 -219.7218 528.5981 -219.7218 1168.534|
|284|0.001375672|365.7505 -112.029 229.6067|1547.257 239.276 -419.507 239.276 211.3801 19.09158 -419.507 19.09158 555.9907|
|285|0.000810314|124.6599 80.48385 -253.9044|573.9272 -535.8089 379.3449 -535.8089 808.5327 -200.1536 379.3449 -200.1536 741.6036|
|286|0.00203771|174.1768 -289.4127 -247.0407|378.3354 -40.58378 188.1887 -40.58378 411.8726 -169.5109 188.1887 -169.5109 996.6455|
|287|0.0003687881|43.44858 -125.6236 -283.0597|678.8887 199.1464 -18.10913 199.1464 170.7343 -35.78376 -18.10913 -35.78376 382.0986|
|288|0.002309422|294.5071 13.8983 -29.31273|47.05161 1.78239 77.98719 1.78239 528.8776 -92.04562 77.98719 -92.04562 549.1091|
|289|0.001601674|78.80736 -7.848494 -294.7536|874.7728 -89.97704 128.8915 -89.97704 1312.49 44.09252 128.8915 44.09252 165.562|
|290|0.0005698618|-22.60927 107.9442 213.8544|19.48675 4.71998 33.67883 4.71998 808.9537 -282.2221 33.67883 -282.2221 1950.999|
|291|0.001661189|348.1479 101.9397 -98.72986|139.7613 -345.2676 567.9885 -345.2676 1135.73 -1829.903 567.9885 -1829.903 3445.322|
|292|0.001206922|3.753381 -261.9838 -76.19863|154.9257 22.60188 -16.4158 22.60188 111.7836 12.2017 -16.4158 12.2017 442.1313|
|293|0.0006262862|478.287 -148.9605 -28.85908|235.5061 748.0457 328.3368 748.0457 2649.145 1118.873 328.3368 1118.873 758.8454|
|294|0.0005480967|136.1291 -263.125 -121.8655|191.3649 -27.16112 -40.83674 -27.16112 46.73697 -19.86666 -40.83674 -19.86666 466.7565|
|295|0.001157676|-0.2048825 263.4396 -76.13693|227.6996 132.0396 -247.5463 132.0396 210.0631 -270.9828 -247.5463 -270.9828 763.2047|
|296|0.0003991811|17.80412 133.5264 247.3565|369.2527 -205.5225 246.4525 -205.5225 342.5686 -566.6864 246.4525 -566.6864 1236.273|
|297|0.001772695|42.06821 59.30857 150.0038|233.2893 -58.41589 -21.02926 -58.41589 584.8156 -162.3161 -21.02926 -162.3161 1099.082|
|298|0.0002977549|123.4657 -14.04088 -312.402|133.3201 57.31969 -17.12761 57.31969 727.3903 -60.04811 -17.12761 -60.04811 98.78062|
|299|0.0005470482|457.921 97.35509 168.6362|120.9277 123.8388 -208.1741 123.8388 492.244 -814.6667 -208.1741 -814.6667 1762.788|
|300|0.001056471|34.31381 160.2941 -81.33167|479.183 -67.25838 280.3529 -67.25838 125.2314 -348.2932 280.3529 -348.2932 2776.034|
|301|0.0005067231|49.65709 -152.2055 -240.3913|703.4786 172.3298 19.87164 172.3298 181.0195 -330.5127 19.87164 -330.5127 1150.076|
|302|0.0003098216|132.6951 28.16813 -291.5274|270.9357 -195.2991 113.0407 -195.2991 513.0545 -153.0868 113.0407 -153.0868 237.4524|
|303|0.001855401|354.7841 172.7534 180.0958|230.4399 178.4574 -139.5902 178.4574 996.9166 122.451 -139.5902 122.451 609.7696|
|304|0.00157825|109.4852 -210.0196 -2.005549|118.3066 55.98582 55.39964 55.98582 166.588 -49.32174 55.39964 -49.32174 444.534|
|305|0.002155988|175.6419 -224.7017 -62.84433|113.7993 179.588 -119.5633 179.588 870.2964 -250.0108 -119.5633 -250.0108 519.7269|
|306|0.0007403188|370.1814 -204.3106 10.09199|102.1534 121.0069 90.80943 121.0069 276.2162 38.73951 90.80943 38.73951 1280.949|
|307|0.00194598|370.4424 236.3266 -209.7448|497.6394 55.35793 67.49575 55.35793 738.8314 1042.265 67.49575 1042.265 1979.491|
|308|0.0004106311|160.8843 308.6946 152.2658|250.9892 153.2834 1035.485 153.2834 181.0266 707.9217 1035.485 707.9217 5226.69|
|309|0.002183691|-16.07323 -71.04694 -73.92321|29.06383 38.7117 149.0983 38.7117 1249.044 336.849 149.0983 336.849 6579.156|
|310|0.0002755992|-16.08183 134.6977 -277.1521|53.61561 36.22404 23.64195 36.22404 279.6628 183.8571 23.64195 183.8571 733.5004|
|311|0.0006602466|284.9692 99.16203 -126.8821|184.9362 -156.112 161.1057 -156.112 185.3707 -212.2424 161.1057 -212.2424 496.9334|
|312|0.001471652|221.9551 -168.8119 39.59083|71.15613 -12.40645 -75.19043 -12.40645 184.009 25.92135 -75.19043 25.92135 367.5991|
|313|0.001546366|263.317 191.9783 -228.5745|168.4209 43.37298 -0.07094869 43.37298 477.1577 -506.4172 -0.0709486899999 -506.4172 1921.694|
|314|0.0009905596|351.5132 -151.4879 126.0499|302.0569 111.4974 -328.7556 111.4974 253.7712 -246.8981 -328.7556 -246.8981 726.2125|
|315|0.001658574|234.0725 185.6479 -12.97295|80.74821 -70.08522 -67.49533 -70.08522 131.4157 64.24239 -67.49533 64.24239 833.0698|
|316|0.002318773|-4.108421 114.3845 32.86086|95.35734 16.23998 -283.217 16.23998 556.8054 -299.5496 -283.217 -299.5496 6525.073|
|317|0.0007134008|299.0704 -77.41904 81.73861|112.8137 -127.3704 -66.08887 -127.3704 251.3837 110.059 -66.08887 110.059 193.0435|
|318|0.000434308|6.4737 -153.2195 -233.1147|224.9955 55.4715 145.9133 55.4715 179.6293 -288.9131 145.9133 -288.9131 1293.827|
|319|0.0006320908|0.0234126 -159.4161 -111.5966|147.6296 42.79188 62.12521 42.79188 115.7058 123.6263 62.12521 123.6263 2500.982|
|320|0.001184036|133.271 -8.234895 216.3564|378.4647 53.11203 -578.8633 53.11203 948.1706 11.58091 -578.8633 11.58091 1410.681|
|321|0.002288635|280.4763 -41.72046 -114.0261|155.0729 43.65989 -11.73 43.65989 87.64947 22.12562 -11.73 22.12562 770.2418|
|322|0.002194093|307.5987 -89.1904 -7.738017|78.79251 40.72135 -350.5085 40.72135 192.8263 -1348.275 -350.5085 -1348.275 12467.17|
|323|0.001152314|44.77139 -36.22973 13.77805|307.4538 -64.58229 44.91528 -64.58229 489.9329 -100.2086 44.91528 -100.2086 533.4708|
|324|0.00167803|266.4386 100.4286 -75.92976|87.83526 -56.69461 137.3241 -56.69461 100.1944 -266.423 137.3241 -266.423 1334.675|
|325|0.0006860751|20.1615 -118.3038 254.1839|364.8777 46.10418 112.5244 46.10418 425.3045 384.6782 112.5244 384.6782 683.7188|
|326|0.001607738|62.58817 327.1098 -92.6112|405.4744 19.5574 334.6483 19.5574 22.72642 -4.476128 334.6483 -4.476128 1273.764|
|327|0.001392732|336.0655 -30.79148 117.8346|144.1641 -17.35054 -17.84209 -17.35054 108.4023 6.028612 -17.84209 6.028612 272.4147|
|328|0.0005415734|158.8526 -29.84314 -221.5462|148.5924 213.6013 288.6792 213.6013 966.4732 22.85529 288.6792 22.85529 1411.735|
|329|0.0008616885|149.945 -329.0363 189.453|759.455 -8.215816 439.1313 -8.215816 19.45407 15.19315 439.1313 15.19315 1625.48|
|330|0.0001409396|120.2467 68.93567 269.0092|50.8117 33.97289 -67.71577 33.97289 302.2306 -349.3838 -67.71577 -349.3838 575.878|
|331|0.0006227063|59.17051 159.3333 -184.2906|837.8179 -242.8804 277.4854 -242.8804 190.0184 46.11828 277.4854 46.11828 667.408|
|332|0.002000149|289.668 49.84642 0.9279745|67.75709 -85.2991 29.01708 -85.2991 397.3025 -273.4684 29.01708 -273.4684 492.6258|
|333|0.001504376|375.9164 245.8712 -44.12218|484.6747 -399.7082 -141.5369 -399.7082 403.6594 41.83142 -141.5369 41.83142 3250.797|
|334|0.001535211|452.4629 42.5666 -32.15669|71.43427 63.71659 215.813 63.71659 1611.423 1111.973 215.813 1111.973 1815.518|
|335|0.001408696|12.75098 145.4117 -187.8094|200.2589 -55.76443 165.0245 -55.76443 300.6368 92.50361 165.0245 92.50361 1961.362|
|336|0.001572815|242.4389 -180.0098 21.80064|127.8293 66.29356 -102.9924 66.29356 97.409 -66.22337 -102.9924 -66.22337 391.9575|
|337|0.0005446733|454.7142 17.78655 -88.67635|81.22656 -296.3294 -9.635401 -296.3294 2368.101 581.8749 -9.635401 581.8749 519.6674|
|338|0.0008562435|396.8784 150.7963 -221.7217|1071.445 -1014.17 781.0074 -1014.17 1137.586 -617.5546 781.0074 -617.5546 985.1119|
|339|0.00207325|175.3155 245.2683 -19.12943|579.4318 -515.9384 -537.62 -515.9384 587.4026 607.1292 -537.62 607.1292 929.8207|
|340|0.001255443|56.95723 -254.0618 34.37683|190.0109 -1.281767 63.3684 -1.281767 106.3387 -62.96547 63.3684 -62.96547 434.3012|
|341|0.0007939955|-19.35797 -143.0667 -163.1183|32.52497 -32.53285 25.70197 -32.53285 278.6946 -115.9934 25.70197 -115.9934 3811.368|
|342|0.0005176581|3.123144 -168.1893 73.89166|163.0791 -4.78509 226.0826 -4.78509 69.34488 -164.9242 226.0826 -164.9242 2580.258|
|343|0.0004738796|404.701 -242.1217 109.3893|244.8198 -43.73377 13.38652 -43.73377 240.2477 -600.3276 13.38652 -600.3276 2256.575|
|344|0.002566924|37.36845 36.66947 -270.3063|431.5921 -61.29736 47.63648 -61.29736 1597.936 9.817802 47.63648 9.817802 402.8352|
|345|0.001135249|59.43014 -142.8117 173.1433|773.0657 213.4692 -149.6901 213.4692 200.1722 226.7028 -149.6901 226.7028 1740.523|
|346|0.001254349|71.66611 286.2109 -102.895|244.5488 25.88685 -141.6122 25.88685 129.3753 84.06653 -141.6122 84.06653 527.7392|
|347|0.001707814|316.4178 -142.6777 -123.7384|190.6785 134.4247 -144.8056 134.4247 209.4344 -365.011 -144.8056 -365.011 1108.762|
|348|0.0003352132|-9.472809 -82.86559 -307.3727|91.30894 41.55266 12.31689 41.55266 973.8922 -139.0679 12.31689 -139.0679 131.6611|
|349|0.002064209|195.3504 310.3778 -124.5585|425.2711 158.8645 482.5933 158.8645 159.2329 199.0199 482.5933 199.0199 1108.719|
|350|0.001864252|151.3808 43.55073 -104.5597|178.5508 -63.47049 -49.83681 -63.47049 360.2051 -217.1235 -49.83681 -217.1235 3419.185|
|351|0.002569748|83.02616 -65.76526 39.03217|945.4081 692.7643 104.0257 692.7643 986.978 9.484793 104.0257 9.484793 668.095|
|352|0.0006313663|137.2843 -314.3776 228.5862|410.6392 50.86758 363.6187 50.86758 120.0308 22.14567 363.6187 22.14567 1046.35|
|353|0.001068823|228.1198 -250.7273 48.38546|222.9935 182.5454 225.8071 182.5454 266.6135 326.2675 225.8071 326.2675 642.4085|
|354|0.001543043|410.554 196.1272 -72.25617|101.4334 -217.0389 -79.52418 -217.0389 1041.948 72.67298 -79.52418 72.67298 2174.634|
|355|0.00104575|-17.14872 83.51819 -220.7651|34.84787 -73.69382 26.67434 -73.69382 1237.159 138.512 26.67434 138.512 1415.651|
|356|0.0003911173|142.0227 -80.62339 189.6627|277.506 235.4197 -215.9318 235.4197 489.4906 131.0231 -215.9318 131.0231 730.017|
|357|0.0009304704|488.6829 225.3632 89.96185|181.9301 -52.84442 -31.87134 -52.84442 107.2999 4.278935 -31.87134 4.278935 845.7646|
|358|0.00101403|258.4209 154.4035 82.13112|268.9354 -21.03315 -72.06382 -21.03315 53.28707 13.95809 -72.06382 13.95809 240.1855|
|359|0.0002743656|103.304 59.43143 285.8729|304.5594 -761.9529 117.077 -761.9529 2164.832 -295.4257 117.077 -295.4257 192.9875|
|360|0.001924141|100.0759 86.33798 -222.4781|785.0102 -439.7002 430.5946 -439.7002 672.9116 -116.8136 430.5946 -116.8136 973.1951|
|361|0.0001778499|-14.76221 -8.847995 315.2749|40.65234 -95.31046 -15.94783 -95.31046 1737.192 129.8669 -15.94783 129.8669 75.97376|
|362|0.00139426|321.2455 111.272 182.3546|984.8707 185.8934 835.3941 185.8934 174.6022 206.6113 835.3941 206.6113 1458.345|
|363|0.000988833|8.574203 50.74152 -8.624918|68.72766 141.9768 91.57568 141.9768 1906.322 1153.383 91.57568 1153.383 1490.184|
|364|0.00062727|-1.887128 92.34126 -281.634|112.844 140.6373 40.19859 140.6373 1070.122 -21.52918 40.19859 -21.52918 341.1068|
|365|0.0007741151|336.3668 261.0115 0.9164367|308.1355 -250.2404 -125.4368 -250.2404 257.7867 106.1988 -125.4368 106.1988 677.3996|
|366|0.00269877|96.29266 2.083228 67.36778|625.4391 282.1544 64.30371 282.1544 656.925 267.2972 64.30371 267.2972 929.3026|
|367|0.0007558649|56.62194 20.85254 298.6333|716.3628 -206.2843 -85.15378 -206.2843 1407.216 -153.728 -85.15378 -153.728 141.3929|
|368|0.0008570835|-31.25878 -48.47738 54.85211|0.9291262 14.96765 -3.249018 14.96765 3032.199 226.6141 -3.249018 226.6141 10734.52|
|369|0.001694994|222.5841 174.9393 -6.873729|245.1349 -109.5872 599.8252 -109.5872 169.3785 -273.5213 599.8252 -273.5213 1737.252|
|370|0.001258489|370.7384 80.32504 -115.4753|184.8914 -11.89328 66.43767 -11.89328 77.14938 -31.15357 66.43767 -31.15357 308.298|
|371|0.001021502|280.3784 -112.1505 -112.4713|42.01649 -154.41 -14.34271 -154.41 1538.422 -82.13103 -14.34271 -82.13103 159.9436|
|372|0.001756285|263.5599 -106.2182 67.93312|94.11932 -51.39255 105.2626 -51.39255 174.1188 -23.16398 105.2626 -23.16398 523.9041|
|373|0.001978093|11.90371 -129.2601 79.9981|204.5994 48.81085 -74.15079 48.81085 310.6017 -131.468 -74.15079 -131.468 3607.961|
|374|0.001537986|-15.18086 -63.00514 170.3409|34.4833 58.26642 -59.85002 58.26642 1351.08 -275.7018 -59.85002 -275.7018 2430.646|
|375|0.002571978|379.8212 167.9771 175.001|376.1827 302.8331 -639.3273 302.8331 489.4793 -395.9716 -639.3273 -395.9716 2775.811|
|376|0.00177998|277.0213 -135.8387 74.46069|289.653 -101.1356 118.9397 -101.1356 95.98068 -81.31856 118.9397 -81.31856 467.2037|
|377|0.0007927464|-10.16699 -328.0774 66.04712|193.3307 -1.76639 196.8283 -1.76639 24.55223 17.86568 196.8283 17.86568 1088.939|
|378|0.0009087825|36.53412 132.3042 201.4921|454.8621 -111.3502 164.9559 -111.3502 466.1582 -714.2982 164.9559 -714.2982 1650.31|
|379|0.001180008|379.3066 210.3428 227.3815|451.8333 -3.021611 -33.19671 -3.021611 381.6206 -125.3617 -33.19671 -125.3617 410.2649|
|380|0.0006979344|335.1558 216.0647 -112.8907|130.8067 -117.9317 333.8958 -117.9317 242.5909 -528.2613 333.8958 -528.2613 1762.915|
|381|0.00140892|98.26786 -122.6161 -107.7301|382.3173 240.8409 -100.06 240.8409 336.5656 219.3998 -100.06 219.3998 2482.21|
|382|0.0004358725|13.84871 94.09345 -304.7338|272.6787 -68.98737 84.61835 -68.98737 786.5306 0.5955967 84.61835 0.5955967 147.4992|
|383|0.000642574|40.03129 136.4596 -268.5487|617.4015 -222.4361 -34.63026 -222.4361 290.3553 211.4348 -34.63026 211.4348 686.4098|
|384|0.002174282|238.4048 185.4127 -123.6855|143.3476 23.75391 -61.60244 23.75391 114.4907 -227.9739 -61.60244 -227.9739 1833.574|
|385|0.0001351926|-6.243785 -94.32144 300.2658|107.9171 164.1502 84.31734 164.1502 408.4927 114.8662 84.31734 114.8662 256.7715|
|386|0.001209117|386.3891 201.1852 -207.7894|147.2962 -38.28289 106.4632 -38.28289 427.0864 570.9266 106.4632 570.9266 1903.029|
|387|0.0008541079|312.4652 -12.06537 59.57478|96.66111 -13.55076 45.91712 -13.55076 135.2401 -9.189253 45.91712 -9.189253 128.558|
|388|0.001193525|93.33509 310.6011 20.97378|297.6425 -118.8574 1863.497 -118.8574 122.4442 -1076.014 1863.497 -1076.014 15057.18|
|389|0.001341594|296.827 -303.4945 -33.49509|472.1548 269.4526 -306.3361 269.4526 205.5788 -135.8395 -306.3361 -135.8395 1674.981|
|390|0.0007435209|442.7941 147.5045 61.85683|190.0988 -382.5191 -119.3256 -382.5191 1830.754 -16.29063 -119.3256 -16.29063 326.442|
|391|0.001023498|296.9574 71.94944 -10.74891|44.09072 -55.04327 -48.84287 -55.04327 409.7628 533.9273 -48.84287 533.9273 951.8177|
|392|0.001677425|327.8416 -300.1306 162.7482|828.78 310.0349 517.2691 310.0349 260.6455 370.5179 517.2691 370.5179 1298.042|
|393|0.001658605|303.6386 31.25309 -63.53599|66.53426 -100.9301 40.60775 -100.9301 370.5241 -177.6463 40.60775 -177.6463 291.9209|
|394|0.001885051|7.81852 289.1386 -47.73563|247.5278 -150.9754 -33.7421 -150.9754 236.9037 65.9018 -33.7421 65.9018 523.7071|
|395|0.002381154|172.4483 -221.4693 -128.0342|244.6597 -30.31359 -216.3692 -30.31359 85.03136 111.1284 -216.3692 111.1284 1859.676|
|396|0.001323967|0.8152888 -16.36852 -265.3151|102.1609 234.1754 11.39712 234.1754 2704.859 -230.2201 11.39712 -230.2201 505.4311|
|397|0.002663312|312.8207 -71.94979 -70.1434|194.2774 252.271 -805.1264 252.271 502.1441 -1317.53 -805.1264 -1317.53 4399.074|
|398|0.001228919|442.2172 230.0535 118.6313|3422.959 -1658.62 -453.187 -1658.62 865.946 155.4549 -453.187 155.4549 834.2642|
|399|0.0006272236|106.8205 -249.3551 -93.60515|122.4687 33.49811 -290.9862 33.49811 49.37102 -24.92213 -290.9862 -24.92213 1345.436|
|400|0.001693832|37.57013 -277.8336 54.02413|107.3454 13.69407 -14.39578 13.69407 132.3365 60.46412 -14.39578 60.46412 418.0822|
|401|0.002042919|68.241 132.8721 -180.2094|770.4208 -325.9996 -68.53637 -325.9996 327.6436 155.975 -68.53637 155.975 1781.19|
|402|0.0007390792|44.91764 -297.1483 24.39032|571.0844 12.23843 -317.8788 12.23843 42.68557 -16.22197 -317.8788 -16.22197 364.9613|
|403|0.0005172919|474.1875 -128.1748 -74.52336|107.193 152.9103 84.859 152.9103 376.2908 -276.0103 84.859 -276.0103 2106.884|
|404|0.0002682951|-6.766028 72.85563 293.9279|82.68532 -34.24927 21.96177 -34.24927 738.2754 -362.8423 21.96177 -362.8423 340.1985|
|405|0.002650002|367.1419 38.13603 -18.77228|63.5241 4.984143 -53.41899 4.984143 267.9639 -567.3477 -53.41899 -567.3477 2108.893|
|406|0.002639981|86.18963 -13.76978 -249.3048|656.0477 23.85561 -124.5481 23.85561 808.3354 -169.2404 -124.5481 -169.2404 549.0415|
|407|0.0005788905|277.6552 -256.995 92.84067|145.1309 -124.0295 -159.025 -124.0295 237.4241 194.6371 -159.025 194.6371 379.574|
|408|0.002387448|293.7484 -31.97296 -1.848505|39.14029 33.00167 -16.20054 33.00167 157.7505 34.28759 -16.20054 34.28759 644.2876|
|409|0.001698717|324.6267 -134.7958 28.07661|257.0141 74.624 -615.8395 74.624 70.60327 -204.008 -615.8395 -204.008 2278.865|
|410|0.001603563|79.13638 -56.04364 -123.3192|334.1115 -109.3816 -164.7492 -109.3816 799.554 356.5955 -164.7492 356.5955 702.0494|
|411|0.0005835285|160.1909 -61.28875 67.49553|187.7558 404.1503 -54.46041 404.1503 974.6521 -137.0411 -54.46041 -137.0411 1707.586|
|412|0.0009303608|318.2193 209.3186 -67.47834|370.7421 -68.56042 -1163.97 -68.56042 50.29364 247.538 -1163.97 247.538 5216.571|
|413|0.001162707|9.492174 153.7022 80.25089|171.9246 56.42934 -156.4261 56.42934 215.5242 114.7392 -156.4261 114.7392 2847.936|
|414|0.001468375|399.2911 238.8269 180.0989|333.1753 -117.555 -137.6329 -117.555 210.9381 -47.8699 -137.6329 -47.8699 1067.801|
|415|0.002170793|292.7855 100.5898 73.855|214.3411 86.73009 103.0658 86.73009 110.1969 3.894066 103.0658 3.894066 501.1777|
|416|0.001767329|267.2514 189.8778 -118.682|107.52 -13.94217 1.066686 -13.94217 190.4097 -320.5834 1.066686 -320.5834 1444.967|
|417|0.001333431|206.8824 291.2335 -125.088|116.0188 -9.34521 111.7171 -9.34521 99.61273 42.17147 111.7171 42.17147 1048.131|
|418|0.001313653|-0.5462547 99.44291 -201.4351|103.719 -104.9839 176.3779 -104.9839 790.2907 51.21032 176.3779 51.21032 1694.469|
|419|0.0001908794|470.2293 129.3324 66.67348|395.5017 -23.26282 -318.8815 -23.26282 179.0668 -116.1891 -318.8815 -116.1891 472.135|
|420|0.001670492|152.2216 48.6881 60.79126|216.6503 -325.5242 -55.23503 -325.5242 792.8708 -54.40586 -55.23503 -54.40586 2864.425|
|421|0.0002811212|302.2877 177.242 22.00163|46.86564 -38.51549 7.098802 -38.51549 518.881 166.3508 7.098802 166.3508 123.9458|
|422|0.000855203|302.9746 -197.9119 -38.22359|174.9959 325.4413 -401.2214 325.4413 764.67 -877.7556 -401.2214 -877.7556 1222.281|
|423|0.0002105781|20.61337 180.4703 32.83542|112.5019 -16.93777 25.70399 -16.93777 72.92016 214.8866 25.70399 214.8866 1417.81|
|424|0.0009003683|267.1653 278.3951 80.04455|346.9459 148.7169 -155.5584 148.7169 142.6351 -139.9983 -155.5584 -139.9983 440.9032|
|425|0.0008226927|330.9852 -261.358 -16.91736|428.1415 357.8441 -549.9014 357.8441 556.1298 -643.8249 -549.9014 -643.8249 1062.918|
|426|0.0005116204|422.0768 249.1827 -154.4677|113.1533 -151.535 -98.42795 -151.535 409.5729 242.5015 -98.42795 242.5015 733.4795|
|427|0.001747526|6.214807 -7.546475 27.13602|136.5721 100.229 -50.24646 100.229 935.3817 157.6164 -50.24646 157.6164 1404.44|
|428|0.001937052|68.036 -118.9104 76.17611|334.6546 112.5929 51.40593 112.5929 339.9048 -142.6707 51.40593 -142.6707 1979.245|
|429|0.0006825467|-0.8031552 -130.5619 -228.5788|126.8016 20.43345 73.66873 20.43345 306.6316 -351.8331 73.66873 -351.8331 1543.405|
|430|0.0005513036|417.8477 -78.94274 170.9675|194.0724 170.0397 -259.1421 170.0397 403.5188 -104.5401 -259.1421 -104.5401 753.9531|
|431|0.001376712|-21.61524 14.43199 -198.494|16.09264 -110.0384 6.939564 -110.0384 3075.155 199.3918 6.939564 199.3918 1785.281|
|432|0.0006511489|449.2057 -122.253 -239.5643|242.1092 19.85524 454.1245 19.85524 344.5137 -201.8024 454.1245 -201.8024 1372.021|
|433|0.001259846|411.8297 253.0371 -69.14548|263.6529 -312.9851 289.549 -312.9851 682.8874 -403.2017 289.549 -403.2017 1086.072|
|434|0.00133501|-9.139934 -125.2331 -95.47528|63.08558 -14.132 45.78401 -14.132 328.8025 -477.4814 45.78401 -477.4814 5566.149|
|435|0.001187193|226.9665 267.3116 94.381|324.2227 -142.0358 63.99804 -142.0358 174.6683 -100.2215 63.99804 -100.2215 332.7688|
|436|0.001389558|274.8956 -41.39536 40.68119|62.87133 57.59766 -37.707 57.59766 125.1584 -111.0891 -37.707 -111.0891 476.2054|
|437|0.001239654|-22.14681 -2.758071 212.361|15.09494 39.02553 -1.615049 39.02553 2757.043 -325.4399 -1.615049 -325.4399 1693.544|
|438|0.001908139|118.1419 47.6483 -140.6934|452.3164 -78.65366 -371.4769 -78.65366 440.0225 124.3636 -371.4769 124.3636 1205.255|
|439|0.001764449|282.3686 98.46643 -44.43354|51.7487 -59.89145 9.52285 -59.89145 175.4158 70.47247 9.52285 70.47247 736.2177|
|440|0.001534947|209.3412 -270.4922 117.8268|105.3119 23.97005 0.7881511 23.97005 258.2784 92.87174 0.7881511 92.87174 331.7946|
|441|0.0008064668|356.1687 -69.91998 33.63558|148.4376 41.64873 91.42697 41.64873 92.33846 23.82053 91.42697 23.82053 180.3749|
|442|0.000895591|141.4583 0.2942038 -243.152|303.7649 274.2325 183.0593 274.2325 683.2155 450.798 183.0593 450.798 888.5863|
|443|0.002630314|49.86992 303.4339 -103.729|140.353 -36.8705 375.8023 -36.8705 183.3057 -694.2218 375.8023 -694.2218 5003.708|
|444|0.002370631|140.3591 -327.8751 -66.72921|201.9465 7.083319 60.87982 7.083319 19.61224 -61.10779 60.87982 -61.10779 6081.623|
|445|0.002365274|315.4904 -144.6628 -19.53453|75.99353 65.25328 51.36266 65.25328 254.3037 327.8017 51.36266 327.8017 820.9016|
|446|0.0001148895|30.36483 151.2744 255.7128|106.5386 -31.36762 127.481 -31.36762 57.58113 -34.73318 127.481 -34.73318 288.4603|
|447|0.0002735218|470.0774 -44.46036 -78.39066|51.62858 33.53495 -124.0082 33.53495 335.8573 -309.8127 -124.0082 -309.8127 727.8699|
|448|0.002266589|48.77742 103.4845 -212.3767|505.5021 -263.4516 225.4594 -263.4516 465.0134 -86.55699 225.4594 -86.55699 1349.524|
|449|0.002382177|312.9356 -311.6823 18.75623|478.995 114.4821 401.515 114.4821 108.3609 265.855 401.515 265.855 3786.07|
|450|0.0001816424|134.9865 -26.35159 257.0202|246.8408 105.6441 -397.7827 105.6441 134.2702 -113.8382 -397.7827 -113.8382 875.2295|
|451|0.001206373|69.39761 -128.6011 -198.3403|592.8117 240.2411 6.38225 240.2411 375.972 -133.7651 6.38225 -133.7651 975.4257|
|452|0.0009891343|407.8855 -159.4331 -238.6792|357.654 208.9905 -62.14005 208.9905 557.0906 -627.7413 -62.14005 -627.7413 1193.574|
|453|0.00133119|-12.13947 -71.73847 -199.28|49.41299 91.91338 81.29288 91.91338 1145.19 501.4286 81.29288 501.4286 2084.369|
|454|0.00193094|181.0837 -234.4246 84.14406|475.5354 -47.286 264.1413 -47.286 73.60139 -41.02768 264.1413 -41.02768 524.381|
|455|0.001359465|439.9669 111.1265 28.37484|108.5298 -310.5874 90.3632 -310.5874 2559.24 -519.1457 90.3632 -519.1457 522.2037|
|456|0.001704077|36.13859 -147.0673 42.38025|494.9146 98.29881 -228.0786 98.29881 123.8638 -103.4347 -228.0786 -103.4347 4326.81|
|457|0.00154635|163.2298 -241.9404 -98.64623|227.7583 24.51828 93.17841 24.51828 186.5459 -143.7111 93.17841 -143.7111 483.2668|
|458|0.0001062841|95.84698 -129.7985 232.5637|136.3403 128.4591 25.14324 128.4591 209.6626 39.91407 25.14324 39.91407 89.93616|
|459|0.002617839|122.3482 97.17411 -111.8282|399.9098 -372.7632 77.54468 -372.7632 590.1716 -102.2174 77.54468 -102.2174 2907.326|
|460|0.001912443|269.1997 -105.484 -116.2071|38.25801 -34.47025 -45.87978 -34.47025 649.9406 -95.95462 -45.87978 -95.95462 448.7532|
|461|0.001820863|356.7627 170.1785 48.16056|118.4897 -54.48273 25.68768 -54.48273 170.2909 -135.7236 25.68768 -135.7236 744.1561|
|462|0.001399262|449.7665 23.28581 155.5742|153.0002 108.1289 -22.31828 108.1289 544.1614 458.702 -22.31828 458.702 1264.26|
|463|0.0003144047|386.5109 273.6055 50.15145|589.4413 -415.479 -12.88974 -415.479 331.4067 -27.16514 -12.88974 -27.16514 358.6861|
|464|0.0008498516|450.6477 -146.9618 -178.4614|427.871 395.589 230.4392 395.589 491.9546 107.2048 230.4392 107.2048 828.3127|
|465|0.001335534|47.83999 92.77943 -50.94114|456.4272 -152.2633 6.751209 -152.2633 634.3439 204.0732 6.751209 204.0732 516.9168|
|466|0.001075225|108.2383 254.2115 84.66274|189.8954 21.54607 221.9193 21.54607 63.70667 98.9028 221.9193 98.9028 1079.043|
|467|0.002112805|342.6853 44.5838 85.51033|141.7129 -244.4211 -93.68921 -244.4211 945.1805 169.9308 -93.68921 169.9308 221.3994|
|468|0.001356169|340.0933 -79.07486 -75.27065|898.8089 150.357 1012.059 150.357 73.59673 132.0684 1012.059 132.0684 1386.14|
|469|0.0002686471|153.2144 -66.46985 139.7838|537.0859 547.5742 -326.3015 547.5742 688.9767 -343.7234 -326.3015 -343.7234 370.1631|
|470|0.001052275|-13.21714 -118.0384 87.2672|44.86263 -37.2497 -145.1354 -37.2497 518.9541 -361.1473 -145.1354 -361.1473 4947.606|
|471|0.002488661|33.34172 118.5478 130.9069|388.6212 -143.6803 -451.0514 -143.6803 537.1196 1.30439 -451.0514 1.30439 2005.461|
|472|0.0005470534|162.477 -295.2675 19.12955|655.4952 48.88046 54.76628 48.88046 54.68225 -33.37982 54.76628 -33.37982 193.7122|
|473|0.0004461365|-1.139133 -21.28235 291.6661|132.8663 36.88155 16.62668 36.88155 1412.054 276.3648 16.62668 276.3648 224.3875|
|474|0.0007022709|446.8249 -14.02464 -42.82697|70.65944 213.5419 506.2437 213.5419 1407.547 3404.477 506.2437 3404.477 9521.406|
|475|0.002231005|319.0161 191.7233 -207.9722|805.2905 317.3423 281.7483 317.3423 525.7814 545.9185 281.7483 545.9185 1075.286|
|476|2.397019e-05|62.98008 -125.5406 308.6311|102.8389 -11.45963 0.868327 -11.45963 16.68598 -1.372432 0.868327 -1.372432 23.13979|
|477|0.002053204|183.4011 -217.4652 -6.839754|232.7285 79.97227 -208.9336 79.97227 177.8509 -460.3629 -208.9336 -460.3629 1625.406|
|478|0.002585887|114.1123 -321.3196 -75.56287|368.4519 35.37999 386.1423 35.37999 36.74514 14.30079 386.1423 14.30079 1791.242|
|479|0.001860496|242.2825 261.2895 5.44235|467.3475 -281.2945 607.2748 -281.2945 244.9669 -445.6039 607.2748 -445.6039 1193.937|
|480|0.001561631|325.7909 129.5992 41.04982|88.72398 95.4262 -238.4708 95.4262 258.2347 -550.7565 -238.4708 -550.7565 1697.674|
|481|0.001949996|203.5777 -262.8246 -228.0556|390.993 -205.874 -255.4098 -205.874 352.2018 -115.8978 -255.4098 -115.8978 1721.961|
|482|0.0001790122|85.96912 156.2317 144.9557|844.5046 -558.9421 433.717 -558.9421 418.7645 -321.0309 433.717 -321.0309 371.1539|
|483|0.00176879|416.502 192.9126 -205.3511|134.537 -39.82126 219.3454 -39.82126 670.6142 -198.5531 219.3454 -198.5531 1237.159|
|484|0.0009319796|307.2285 29.41128 -25.61416|36.15107 -6.298028 -3.800275 -6.298028 2172.872 1819.27 -3.800275 1819.27 1611.482|
|485|0.001734206|351.6671 30.86434 -23.64653|51.23835 -78.51806 78.26833 -78.51806 1030.945 -1232.61 78.26833 -1232.61 1627.319|
|486|0.002714727|238.2145 -172.7119 -14.60044|186.2999 240.9137 10.16315 240.9137 548.8901 203.3566 10.16315 203.3566 524.8989|
|487|0.001891804|82.6127 -83.12214 -25.20897|404.9042 205.6817 -99.11523 205.6817 652.4651 -31.13233 -99.11523 -31.13233 874.571|
|488|0.000653901|381.4164 -253.2011 -51.16843|334.6803 485.2507 -316.7114 485.2507 934.2005 -1211.515 -316.7114 -1211.515 3272.69|
|489|0.002292923|-13.15359 15.01578 -131.2008|37.6104 -171.3433 44.63826 -171.3433 2544.337 -367.0941 44.63826 -367.0941 3559.333|
|490|0.0005599507|444.2567 -239.9405 39.7986|329.4933 277.4605 -277.1693 277.4605 649.0554 -269.1933 -277.1693 -269.1933 447.325|
|491|0.001085377|54.69236 -104.8323 212.3799|452.1525 447.6679 391.01 447.6679 768.0939 617.6243 391.01 617.6243 1569.166|
|492|0.002115175|150.7628 1.074298 60.93293|209.247 -29.31346 108.397 -29.31346 508.8611 7.076218 108.397 7.076218 2504.931|
|493|0.001547906|124.3417 65.31167 50.15752|185.0317 -137.9283 -257.5139 -137.9283 716.2593 231.149 -257.5139 231.149 1749.535|
|494|0.001688317|343.8969 -46.68713 21.46198|28.69024 -28.85914 10.27639 -28.85914 148.62 80.8493 10.27639 80.8493 1055.781|
|495|0.001428906|255.6966 -113.3922 -70.72819|28.15191 10.82714 -86.71978 10.82714 174.5173 -326.3036 -86.71978 -326.3036 1366.552|
|496|0.0008869653|313.261 320.3464 -34.5406|299.0472 -60.48721 -78.78037 -60.48721 48.28027 -34.97847 -78.78037 -34.97847 1579.211|
|497|0.0005829539|-14.74217 4.773271 262.7703|29.16319 -88.8124 -51.23536 -88.8124 2956.801 285.413 -51.23536 285.413 670.5609|
|498|0.00194126|276.6801 152.3233 -23.1466|507.6777 -284.9944 1321.891 -284.9944 206.5688 -805.9749 1321.891 -805.9749 4169.682|
|499|0.002622677|264.5814 111.0657 -59.48105|109.6505 -52.91651 198.8634 -52.91651 97.74791 -201.6057 198.8634 -201.6057 995.9139|
|500|0.002464357|35.39625 292.0796 -71.1309|88.19569 -42.19006 182.6286 -42.19006 282.3324 -418.8555 182.6286 -418.8555 2102.675|
|501|0.000276662|400.8843 115.311 -28.17466|58.32582 -91.27943 151.9699 -91.27943 204.6531 -315.5759 151.9699 -315.5759 1015.966|
|502|0.001994434|6.833453 -93.78259 -179.9989|136.2496 77.15106 74.34123 77.15106 753.2449 -700.5605 74.34123 -700.5605 2297.336|
|503|0.001662255|279.9459 -213.5675 -40.74065|852.3647 917.7961 -1475.19 917.7961 1086.104 -1654.088 -1475.19 -1654.088 2799.017|
|504|0.00235054|127.6951 -68.1877 -88.45595|249.664 175.8416 -246.1904 175.8416 502.0887 -483.5489 -246.1904 -483.5489 3453.185|
|505|0.002209601|432.9847 -25.93681 -15.58496|43.07779 79.04488 -90.62485 79.04488 879.5286 -428.7741 -90.62485 -428.7741 2083.27|
|506|0.001418776|365.4598 241.0596 156.0439|321.3452 -279.1693 -82.29578 -279.1693 584.7385 -265.0977 -82.29578 -265.0977 853.7582|
|507|0.002196993|385.4026 -223.9273 -66.30397|493.0814 824.7675 -1320.871 824.7675 1745.378 -3035.752 -1320.871 -3035.752 6314.612|
|508|0.001263003|113.4466 -269.8747 -7.001587|333.7965 -182.8069 -36.28561 -182.8069 198.0762 -115.1838 -36.28561 -115.1838 480.3961|
|509|0.0005626241|362.5878 305.5291 -106.0957|467.7147 -19.67319 -85.03504 -19.67319 129.8775 44.3417 -85.03504 44.3417 439.321|
|510|0.0002176567|77.34594 84.91278 -72.3338|240.6457 -226.3067 -51.26528 -226.3067 405.2308 35.4818 -51.26528 35.4818 152.6351|
|511|0.002096048|68.64786 55.4652 -9.943533|385.6569 -219.2719 34.34312 -219.2719 1130.552 211.2753 34.34312 211.2753 531.1092|
|512|0.000651294|269.3536 -106.2841 -15.85863|578.5312 166.9478 -270.6998 166.9478 75.96731 -92.80246 -270.6998 -92.80246 236.9716|
|513|0.001789839|116.2254 -273.2934 97.30804|159.2831 -112.31 215.7821 -112.31 203.7947 -436.0184 215.7821 -436.0184 3811.181|
|514|0.0008802599|423.6669 245.2746 4.964707|112.0962 -317.7129 22.89971 -317.7129 1585.054 -318.7958 22.89971 -318.7958 520.7902|
|515|0.002522661|353.3397 -40.395 19.96371|37.94937 -47.96505 -21.26269 -47.96505 251.458 250.4413 -21.26269 250.4413 1450.545|
|516|0.002216833|276.7961 211.2927 115.6368|314.8954 0.3294095 -93.74232 0.3294095 95.0903 -35.02487 -93.74232 -35.02487 369.19|
|517|0.001586507|69.77086 -6.229373 4.684802|658.8948 -374.1765 157.6049 -374.1765 975.9616 107.9205 157.6049 107.9205 424.9437|
|518|0.001636225|49.65213 93.41455 207.4381|429.5541 14.07778 -125.0453 14.07778 339.3831 -152.7376 -125.0453 -152.7376 1376.306|
|519|0.001417236|92.05453 47.15318 115.6548|543.1487 -138.7901 -512.7744 -138.7901 322.7825 315.9446 -512.7744 315.9446 1637.643|
|520|0.0009938406|135.5614 314.0481 196.2008|239.299 -36.58512 -82.51636 -36.58512 106.8855 66.35995 -82.51636 66.35995 1924.617|
|521|0.00242296|9.914358 67.60192 145.5597|169.1054 -158.7086 -37.96995 -158.7086 1213.927 412.4031 -37.96995 412.4031 1412.599|
|522|0.001986202|28.72103 92.3136 -166.2042|276.4326 -286.0962 -327.8677 -286.0962 661.6702 624.3956 -327.8677 624.3956 2458.965|
|523|0.001384414|57.24725 78.55759 -146.1124|473.6837 83.44447 -143.3177 83.44447 616.5432 -42.06094 -143.3177 -42.06094 530.8021|
|524|0.001849839|97.62289 -98.05344 128.064|578.907 173.2971 -713.3417 173.2971 351.4756 -363.2556 -713.3417 -363.2556 2422.614|
|525|0.002101367|32.44415 -101.074 141.8116|341.6262 -76.77338 117.1733 -76.77338 453.3189 129.8127 117.1733 129.8127 1375.677|
|526|0.002178639|225.7021 179.8353 -74.24826|440.5836 -487.0025 -609.8771 -487.0025 685.1559 909.0839 -609.8771 909.0839 1656.196|
|527|0.0009930516|387.6371 257.9341 -117.8041|318.7646 -227.0308 -387.43 -227.0308 362.2269 389.2621 -387.43 389.2621 1670.624|
|528|0.002435675|290.2119 30.78925 -93.84459|121.5723 -13.32928 134.6972 -13.32928 78.14801 -85.48336 134.6972 -85.48336 577.3535|
|529|0.001898011|377.9645 -143.0824 -7.833875|123.1115 -26.61106 -14.06936 -26.61106 183.8346 -177.9501 -14.06936 -177.9501 650.2338|
|530|0.002164982|-2.233128 9.590295 -213.1163|95.62497 -0.8787239 91.91766 -0.8787239 1571.092 -249.3458 91.91766 -249.3458 1164.026|
|531|0.001557363|192.0015 235.1595 -72.37654|151.8139 -39.64536 66.50666 -39.64536 71.99153 1.157576 66.50666 1.157576 386.1205|
|532|0.001177142|1.446517 -62.66661 -150.2167|77.67032 97.94131 -229.0965 97.94131 695.1063 -731.2938 -229.0965 -731.2938 2709.724|
|533|0.002382647|295.5966 -123.6716 84.3002|317.3749 -40.37946 -391.5878 -40.37946 92.47598 118.1705 -391.5878 118.1705 1273.079|
|534|0.002255076|84.51486 303.5073 -31.05269|589.1769 -207.214 1136.463 -207.214 129.8004 -461.5613 1136.463 -461.5613 2936.518|
|535|0.001717443|266.2796 -127.7635 -53.24252|53.8878 100.4083 -106.6861 100.4083 414.8156 -535.9818 -106.6861 -535.9818 1100.14|
|536|0.001399675|-20.73852 -309.8933 84.09768|57.84831 -4.043726 -34.99031 -4.043726 182.6386 -212.4601 -34.99031 -212.4601 1067.718|
|537|0.001372338|342.4064 -288.9038 -41.81384|343.7357 289.5345 361.9779 289.5345 388.2 212.1848 361.9779 212.1848 1443.543|
|538|0.001689113|147.441 -57.60101 54.00809|189.0569 343.363 97.20825 343.363 971.7285 241.776 97.20825 241.776 3017.379|
|539|0.001299957|436.6045 129.1844 -70.5575|207.1836 -316.7282 636.2057 -316.7282 919.7012 -573.5882 636.2057 -573.5882 2997.083|
|540|0.002268678|272.1941 103.2101 26.85805|91.16088 41.47298 -11.54449 41.47298 382.5705 168.4819 -11.54449 168.4819 404.0184|
|541|0.0005689131|54.91204 -90.50243 -308.9874|831.3247 331.9201 40.37097 331.9201 552.0303 -27.21714 40.37097 -27.21714 105.0307|
|542|0.001251991|81.30623 35.16877 -55.25158|810.5641 -275.9009 70.6651 -275.9009 524.3572 3.041207 70.6651 3.041207 251.3712|
|543|0.0004865917|345.7072 306.2993 21.07802|303.6737 -196.2889 -1046.573 -196.2889 166.2389 676.4183 -1046.573 676.4183 4788.291|
|544|0.001428618|19.59618 -8.810053 -233.0925|99.98825 -61.01929 -19.7008 -61.01929 1319.888 137.7314 -19.7008 137.7314 920.2469|
|545|0.001229799|378.2338 -119.8793 178.5586|1503.311 677.4623 -41.07481 677.4623 483.1906 124.555 -41.07481 124.555 395.9509|
|546|0.002190714|125.1074 -305.4752 64.772|286.4149 -3.119722 -211.4265 -3.119722 130.1054 -76.98174 -211.4265 -76.98174 649.0688|
|547|0.0006037518|315.2353 -80.55068 1.486805|111.0802 -79.89161 170.1127 -79.89161 110.3515 -206.3234 170.1127 -206.3234 538.2839|
|548|0.002111453|374.982 -80.07048 -190.6506|1465.109 -530.8732 188.9831 -530.8732 442.3965 -6.838733 188.9831 -6.838733 493.9583|
|549|0.0002112278|169.4844 324.5386 178.9411|1294.482 41.217 1281.236 41.217 18.91232 57.8247 1281.236 57.8247 1797.305|
|550|0.0007459309|152.1459 82.28628 67.74173|216.6932 -355.9821 -40.55592 -355.9821 724.0784 262.0234 -40.55592 262.0234 2046.843|
|551|0.001415361|114.8656 -74.91947 32.35365|517.2772 621.8481 -111.4403 621.8481 1051.07 -276.7274 -111.4403 -276.7274 1063.771|
|552|4.728757e-05|165.6009 -6.532367 238.5591|83.90302 96.14139 40.7914 96.14139 265.9124 74.65285 40.7914 74.65285 42.36534|
|553|0.001440855|180.6462 233.1125 50.17517|101.3244 17.46563 -38.54279 17.46563 132.0896 -203.3341 -38.54279 -203.3341 584.5486|
|554|0.002586222|116.2366 260.7684 -60.89983|183.4845 -8.481502 227.2947 -8.481502 68.77682 -42.14287 227.2947 -42.14287 1112.898|
|555|0.00241501|75.58431 -109.5111 -126.9438|809.0941 344.7666 -206.7171 344.7666 493.6918 67.32367 -206.7171 67.32367 1091.374|
|556|0.001268989|334.0737 158.0661 238.7365|453.8897 374.7057 -157.9605 374.7057 667.9829 -78.42169 -157.9605 -78.42169 865.151|
|557|0.001638024|39.72958 -58.50941 -277.5898|559.4489 243.7702 29.41406 243.7702 996.8358 117.9796 29.41406 117.9796 334.9654|
|558|0.001405499|28.34807 -6.486967 274.2044|371.1585 -65.35749 8.266964 -65.35749 2012.126 180.5674 8.266964 180.5674 331.6856|
|559|0.001752235|327.0616 124.4644 -82.52017|83.67989 101.6557 74.76754 101.6557 370.9262 226.2518 74.76754 226.2518 364.2552|
|560|0.001561257|131.8546 2.91631 -126.3313|329.1929 -24.09813 98.16357 -24.09813 351.5352 -49.58313 98.16357 -49.58313 1203.741|
|561|0.002715462|22.47706 -77.40466 19.76816|221.1182 -155.8621 195.4556 -155.8621 900.665 -578.365 195.4556 -578.365 2034.085|
|562|0.0003803033|474.0478 -154.6396 129.6424|374.8961 -193.4202 -694.0057 -193.4202 149.584 366.3846 -694.0057 366.3846 1872.641|
|563|0.0004018144|411.2495 -141.7107 -135.3852|392.72 608.1841 508.0995 608.1841 1020.691 608.2258 508.0995 608.2258 2065.715|
|564|0.002208714|-21.68053 -42.86209 79.2923|13.50686 9.602788 -46.29219 9.602788 2021.517 -455.8925 -46.29219 -455.8925 5024.884|
|565|0.0009674005|296.749 -80.12678 -39.8782|100.3129 195.1564 -521.0033 195.1564 498.6421 -1206.832 -521.0033 -1206.832 3400.365|
|566|0.0003167948|416.9725 132.8432 -116.1465|113.5236 -51.33152 460.9464 -51.33152 299.0501 174.6721 460.9464 174.6721 2794.531|
|567|0.0002674915|163.9798 67.16473 156.1864|147.6828 -268.3566 -150.3748 -268.3566 649.8584 239.7012 -150.3748 239.7012 435.5518|
|568|0.0005645039|473.6401 -119.4462 32.75173|1148.106 2158.132 -439.718 2158.132 4238.874 -790.2372 -439.718 -790.2372 304.5924|
|569|0.000851485|100.0938 278.5155 52.06526|118.9424 16.71656 -94.60858 16.71656 164.2197 -133.8945 -94.60858 -133.8945 568.1514|
|570|0.001657019|132.2118 -34.85541 144.3158|342.1163 205.7009 -15.84528 205.7009 941.2804 -111.2142 -15.84528 -111.2142 720.9955|
|571|0.002664393|281.5779 148.5919 -18.94949|70.59557 3.5206 -6.166578 3.5206 458.8575 -925.3272 -6.166578 -925.3272 2319.152|
|572|0.001471672|-1.309946 46.1366 75.45989|51.82449 9.620924 -16.73244 9.620924 1669.569 -1004.02 -16.73244 -1004.02 3321.496|
|573|0.002158845|329.3171 296.018 -11.67668|192.3956 -76.28183 -384.1656 -76.28183 175.2309 185.0856 -384.1656 185.0856 3111.763|
|574|0.001503917|108.5686 6.058061 184.409|589.4684 36.97696 -299.2784 36.97696 627.5239 -114.3212 -299.2784 -114.3212 655.7299|
|575|0.002218942|299.999 124.2351 78.34818|262.0494 108.7327 -402.3434 108.7327 134.349 -241.5292 -402.3434 -241.5292 1545.629|
|576|0.00253716|87.23789 80.46079 129.3239|541.2079 32.12212 -195.9233 32.12212 374.5678 307.6281 -195.9233 307.6281 1998.893|
|577|0.001455466|151.8975 224.241 49.67967|245.9118 -34.58265 208.6219 -34.58265 84.58394 -81.0696 208.6219 -81.0696 506.705|
|578|0.00198625|47.71094 -90.86594 -160.716|477.9696 -30.31861 -309.8651 -30.31861 486.4534 54.37708 -309.8651 54.37708 1000.011|
|579|0.001405488|27.33157 68.1759 -95.88123|302.086 66.81892 -241.8706 66.81892 1021.364 143.9753 -241.8706 143.9753 688.2251|
|580|0.0005351367|423.2208 38.73274 -11.22335|119.8415 -174.7548 182.6413 -174.7548 1347.783 -1362.042 182.6413 -1362.042 1510.989|
|581|0.000484793|417.9313 95.18069 31.19264|287.8768 -505.1645 194.8268 -505.1645 1016.119 -442.6162 194.8268 -442.6162 525.4282|
|582|0.001004792|264.9537 -227.2931 90.30672|122.3542 45.31036 -51.96129 45.31036 157.799 26.67676 -51.96129 26.67676 307.4568|
|583|0.001172771|-1.686724 67.78831 221.5245|84.2177 -138.8092 -47.82892 -138.8092 1478.657 -485.8627 -47.82892 -485.8627 1287.656|
|584|0.001927659|478.3346 -236.4174 93.79071|191.2462 124.9393 66.40089 124.9393 379.9651 -178.7803 66.40089 -178.7803 1972.896|
|585|0.002037681|104.753 117.5376 54.85707|376.9415 -174.2602 228.336 -174.2602 244.7015 -362.9218 228.336 -362.9218 4444.781|
|586|0.001611838|18.17116 72.9288 -228.3381|169.2616 -117.3828 24.8179 -117.3828 1107.529 -379.3639 24.8179 -379.3639 960.0877|
|587|0.002550173|305.6531 -90.37905 -6.950131|64.14777 -44.35853 96.09795 -44.35853 717.5707 -1401.851 96.09795 -1401.851 3198.21|
|588|0.002467781|270.9452 -239.1387 7.62389|427.0449 370.0395 -847.73 370.0395 418.7089 -797.5093 -847.73 -797.5093 2255.128|
|589|0.0009526326|81.13418 291.9279 75.39932|311.3977 126.6727 -64.47413 126.6727 124.3142 -28.005 -64.47413 -28.005 382.9712|
|590|0.002087127|207.5271 -180.1099 -84.85304|267.565 -33.14715 -20.72111 -33.14715 78.71977 -24.31143 -20.72111 -24.31143 409.9103|
|591|0.002277509|350.9388 34.15853 0.08754887|63.55214 -168.3449 244.5507 -168.3449 1408.735 -1746.797 244.5507 -1746.797 2376.481|
|592|0.001923431|88.64494 94.3573 61.91218|717.1655 -202.3174 -1612.171 -202.3174 319.2452 555.1696 -1612.171 555.1696 4995.16|
|593|0.001849457|30.20976 116.6507 31.74462|263.6135 -88.17446 -34.26746 -88.17446 566.7017 304.4216 -34.26746 304.4216 1290.355|
|594|0.001537699|25.06178 67.49992 -28.05621|255.1447 -192.7076 59.7129 -192.7076 1163.32 100.9383 59.7129 100.9383 543.6785|
|595|0.002651779|265.061 -109.799 -47.97873|53.24581 -20.96903 46.40638 -20.96903 176.7553 -295.4464 46.40638 -295.4464 854.6933|
|596|0.001255928|296.2176 223.2921 76.33658|230.0904 -62.17107 -224.0031 -62.17107 61.66785 72.17761 -224.0031 72.17761 624.1544|
|597|0.002013134|278.2164 211.1947 12.0546|252.7818 -80.75002 -386.4552 -80.75002 71.0088 47.71417 -386.4552 47.71417 1557.727|
|598|0.001232051|395.0928 248.1579 -20.53394|148.9419 -76.82001 163.1042 -76.82001 280.876 -303.2222 163.1042 -303.2222 1264.947|
|599|0.001643976|101.1197 52.20103 212.1889|352.1516 -102.9672 12.96386 -102.9672 892.1942 -339.4954 12.96386 -339.4954 840.3321|
|600|0.001371496|54.81945 85.3052 51.64696|286.6055 168.1991 -127.0919 168.1991 704.9296 54.39622 -127.0919 54.39622 712.1774|
|601|0.000701544|463.7608 -91.85525 -40.31021|89.34114 -45.03263 -4.433294 -45.03263 358.5265 -574.3322 -4.433294 -574.3322 1976.226|
|602|0.002220502|112.3501 28.98033 -216.7952|442.1129 4.791928 -62.1638 4.791928 425.2264 -44.16682 -62.1638 -44.16682 1092.684|
|603|0.001809017|100.8103 11.90117 137.518|430.559 -81.96261 -213.1065 -81.96261 634.1459 324.5176 -213.1065 324.5176 874.9045|
|604|0.002482292|103.6727 -265.3519 -70.9341|469.603 240.6434 -828.005 240.6434 208.7772 -410.4419 -828.005 -410.4419 1994.574|
|605|0.001425964|299.8369 -228.5023 -6.447631|999.6594 155.6953 -1633.781 155.6953 85.18811 -356.8883 -1633.781 -356.8883 3221.384|
|606|0.001974583|45.30669 -81.9164 -89.52372|389.208 266.3638 102.911 266.3638 921.6089 222.2903 102.911 222.2903 794.4654|
|607|0.001597546|2.069217 14.74666 -139.6095|88.67585 -160.406 30.25348 -160.406 1352.929 -351.0824 30.25348 -351.0824 1469.634|
|608|0.001330419|-27.29566 -48.8186 2.040029|3.88752 10.4975 45.65464 10.4975 2096.728 718.1519 45.65464 718.1519 10793.59|
|609|0.001298753|8.852036 -112.4377 202.0276|198.9601 50.62454 -13.20132 50.62454 710.7809 754.3653 -13.20132 754.3653 1694.93|
|610|0.001209725|354.6099 10.67814 101.4772|96.13811 -107.9309 -41.67305 -107.9309 787.1025 -71.17249 -41.67305 -71.17249 153.9122|
|611|0.001426396|144.9688 -254.6288 68.60711|161.7384 89.17183 166.4841 89.17183 266.6785 181.2765 166.4841 181.2765 500.1552|
|612|0.001160879|462.6263 -114.366 -114.4888|952.2593 1258.981 1072.75 1258.981 1847.011 1290.871 1072.75 1290.871 1829.338|
|613|0.001620106|33.10091 -56.21135 106.5799|272.48 146.7168 59.0828 146.7168 714.8638 11.82546 59.0828 11.82546 748.4191|
|614|0.001618354|51.91091 15.6787 40.63081|335.5511 112.9483 -9.372555 112.9483 988.5756 6.168388 -9.372555 6.168388 454.0143|
|615|0.002625726|239.289 296.0005 -48.26138|220.9028 -93.58729 510.818 -93.58729 224.7366 -432.0638 510.818 -432.0638 2120.808|
|616|0.002307432|388.8985 52.60868 -54.81848|102.6468 50.11929 42.88799 50.11929 228.7792 -167.6635 42.88799 -167.6635 528.6328|
|617|0.001222302|410.8423 219.0482 98.37479|176.5564 7.720313 -127.8725 7.720313 145.5563 -463.7493 -127.8725 -463.7493 5046.898|
|618|0.0003626936|5.208566 113.0738 251.4747|203.3071 -187.0297 146.0778 -187.0297 423.7833 -337.2141 146.0778 -337.2141 804.3838|
|619|0.001945508|64.62589 52.11586 -219.0005|534.572 19.36273 -160.8769 19.36273 395.0623 99.40879 -160.8769 99.40879 816.0589|
|620|0.000479738|-31.57648 -287.9448 -82.10658|1.466671 0.09245949 0.7476654 0.09245949 351.8873 476.9144 0.7476654 476.9144 4595.619|
|621|0.0008804098|30.53021 -298.6082 -71.45334|527.593 88.59808 -299.6237 88.59808 55.97525 -87.84409 -299.6237 -87.84409 439.2654|
|622|0.002145895|-7.561561 85.72401 -110.7928|60.73396 -116.263 79.65829 -116.263 1045.595 -338.4247 79.65829 -338.4247 3725.862|
|623|0.00135941|276.5827 32.65901 49.2753|103.7438 -49.82384 -35.82825 -49.82384 79.24533 -58.21143 -35.82825 -58.21143 398.3379|
|624|0.001952381|322.182 -138.5805 -59.04468|161.1431 143.4426 41.39784 143.4426 236.8267 29.82041 41.39784 29.82041 197.6939|
|625|0.001480687|401.2121 183.3602 -67.65803|57.80851 -112.9772 163.3297 -112.9772 524.8549 111.8118 163.3297 111.8118 6122.713|
|626|0.0006228886|6.986178 96.92037 -97.35372|49.20403 -2.939088 86.94237 -2.939088 975.1212 -212.6058 86.94237 -212.6058 1099.668|
|627|0.001100637|396.0078 -212.4994 62.58725|520.1483 685.8956 118.7428 685.8956 1393.444 244.8421 118.7428 244.8421 343.2972|
|628|0.001869609|-13.4384 56.95414 169.4867|40.05153 -77.71714 64.47781 -77.71714 1937.935 -834.4341 64.47781 -834.4341 2375.758|
|629|0.001888067|264.7859 -254.6306 70.98822|479.5764 -37.72189 -552.0804 -37.72189 104.5447 24.50967 -552.0804 24.50967 975.5176|
|630|0.001259413|78.70122 -17.69958 270.4169|611.5218 430.5613 -82.14506 430.5613 1200.796 -118.6572 -82.14506 -118.6572 416.1521|
|631|0.001798422|23.9247 -98.61935 -232.8379|274.1824 -71.29047 233.8184 -71.29047 641.3066 -115.4974 233.8184 -115.4974 1130.263|
|632|0.0007068331|466.1221 -143.7905 15.23451|64.46384 -62.25546 -75.84554 -62.25546 1743.478 845.3504 -75.84554 845.3504 782.1319|
|633|0.001268337|273.7096 166.5928 -21.71446|238.7298 -63.77655 478.2144 -63.77655 67.21553 -213.8512 478.2144 -213.8512 1399.767|
|634|0.001259661|449.7234 -45.00097 -53.4492|97.28575 44.45479 -208.5005 44.45479 566.6722 297.4938 -208.5005 297.4938 2013.486|
|635|0.001309448|22.09385 -134.5356 -169.266|298.735 38.23721 -126.0011 38.23721 308.0906 -29.58027 -126.0011 -29.58027 1228.267|
|636|0.001848248|150.1417 -281.7524 -19.82607|224.4043 102.3606 -1291.978 102.3606 167.2822 -1023.179 -1291.978 -1023.179 10259.33|
|637|0.001422381|388.693 -196.2655 -58.29024|323.7437 268.7471 -97.27044 268.7471 434.7092 -174.7407 -97.27044 -174.7407 599.0483|
|638|0.0008871969|100.9578 -82.10416 227.6931|706.5653 464.4987 -502.7129 464.4987 864.6706 113.1362 -502.7129 113.1362 997.8052|
|639|0.002335135|157.7279 -270.9582 -22.56929|589.2899 57.93111 -935.088 57.93111 72.49017 -186.7886 -935.088 -186.7886 2153.779|
|640|0.002240167|253.0909 258.6014 68.78618|167.1308 -38.9624 72.74276 -38.9624 209.3983 -192.3965 72.74276 -192.3965 618.895|
|641|0.00178911|282.722 41.81534 59.97135|107.7959 -30.59694 -38.67671 -30.59694 80.27917 -62.17131 -38.67671 -62.17131 334.9039|
|642|0.001503505|68.01702 -11.99497 173.3447|643.3904 -313.6415 -227.3438 -313.6415 689.7243 184.6319 -227.3438 184.6319 478.8607|
|643|0.000952196|241.2957 303.0695 16.67217|228.5528 -11.73834 184.5882 -11.73834 82.94929 -94.51077 184.5882 -94.51077 436.7162|
|644|0.001432197|150.7034 -13.35298 -169.5914|205.987 199.4735 49.53092 199.4735 941.9193 -79.70257 49.53092 -79.70257 1030.444|
|645|0.001155857|124.9249 -72.49709 -212.0609|306.7555 222.5327 -24.93192 222.5327 711.6732 -499.5609 -24.93192 -499.5609 1245.465|
|646|0.001427085|285.7093 -197.5763 -38.98044|884.7097 1048.157 -1788.828 1048.157 1322.078 -2268.579 -1788.828 -2268.579 4079.503|
|647|0.001930416|0.3041453 -71.23428 77.60574|105.5348 25.98878 -25.95612 25.98878 1002.747 556.5673 -25.95612 556.5673 2023.956|
|648|0.002508232|89.5034 6.749403 -89.16058|750.0039 207.2727 -27.22259 207.2727 793.7371 -37.28101 -27.22259 -37.28101 450.1162|
|649|0.00177475|-9.636521 42.36018 4.435308|53.40462 -186.2584 -150.9284 -186.2584 2072.782 1298.123 -150.9284 1298.123 3915.958|
|650|0.0004922106|100.0325 -290.7427 157.267|53.60106 -29.40707 94.45539 -29.40707 489.8838 -298.5651 94.45539 -298.5651 858.2662|
|651|0.0008382227|349.2476 -261.9274 11.19279|313.5988 417.4773 210.1362 417.4773 683.126 196.2244 210.1362 196.2244 915.0067|
|652|0.002091866|342.5169 146.36 -113.6551|99.17567 -1.84747 55.18983 -1.84747 136.2212 197.3013 55.18983 197.3013 761.3904|
|653|0.0008298557|325.0026 -70.6439 -70.35851|77.46329 99.59696 -246.341 99.59696 243.0413 -421.0699 -246.341 -421.0699 1257.989|
|654|0.002020148|327.3368 119.1406 -14.57299|116.6561 -120.7602 -185.3648 -120.7602 255.4886 292.6601 -185.3648 292.6601 621.9543|
|655|0.001452422|76.91096 27.15962 -140.7102|404.7302 -162.4104 -0.1596683 -162.4104 701.0936 24.74087 -0.1596683 24.74087 446.8236|
|656|0.001932911|29.84098 -62.05615 197.7929|303.7722 53.06752 373.0423 53.06752 803.3088 -173.418 373.0423 -173.418 1364.542|
|657|0.00226033|276.5938 222.4134 37.77515|297.139 -163.1779 -115.3712 -163.1779 147.9405 7.975425 -115.3712 7.975425 705.3781|
|658|0.001559673|70.8619 6.406478 -201.4675|487.0467 -105.1416 210.4169 -105.1416 476.9955 -122.3066 210.4169 -122.3066 614.621|
|659|0.0007028594|450.3314 -142.5503 114.4017|127.0156 30.61954 -175.2962 30.61954 116.0995 317.7281 -175.2962 317.7281 3838.447|
|660|0.001456893|209.4857 -274.8665 -87.99733|56.16705 23.30996 -61.83968 23.30996 288.2123 -594.415 -61.83968 -594.415 1825.743|
|661|0.00162076|91.23402 100.5797 -100.6953|445.7749 -359.6919 -137.5032 -359.6919 457.5462 286.0286 -137.5032 286.0286 2516.102|
|662|0.001560972|81.0028 -10.4233 -37.91662|370.9666 93.28098 147.342 93.28098 971.1844 441.6447 147.342 441.6447 638.6058|
|663|0.001531057|295.7662 -39.46232 -67.06293|73.5743 250.0097 249.4429 250.0097 1519.15 1386.77 249.4429 1386.77 1464.133|
|664|0.001269158|273.849 28.1976 -86.49293|152.4145 174.6349 8.393115 174.6349 290.7384 -42.23299 8.393115 -42.23299 204.4624|
|665|0.0008967629|11.95162 -49.75353 226.9744|157.7315 27.85839 31.81521 27.85839 521.4992 -364.139 31.81521 -364.139 1265.22|
|666|0.0005979819|416.7495 122.2614 50.47183|154.2133 -153.6521 201.9557 -153.6521 380.5849 -268.5646 201.9557 -268.5646 743.0453|
|667|0.001445619|421.8527 91.67837 -11.92551|198.249 -592.2144 79.25935 -592.2144 2244.944 -81.20143 79.25935 -81.20143 460.1671|
|668|0.0006072044|428.6554 -19.09527 140.9212|77.79047 -25.12511 -39.12309 -25.12511 293.6782 -52.13813 -39.12309 -52.13813 534.0367|
|669|0.001906867|3.549949 -89.53699 -51.40444|98.84205 -109.7859 -97.96252 -109.7859 873.5748 59.46196 -97.96252 59.46196 2236.228|
|670|0.0006373813|145.3386 -316.8518 147.2582|234.3204 -74.3239 -10.51974 -74.3239 102.6706 119.0193 -10.51974 119.0193 758.7064|
|671|0.002147922|67.02859 -66.2994 128.0204|328.3687 192.9348 271.2372 192.9348 961.9185 292.1679 271.2372 292.1679 869.4514|
|672|0.0004906179|136.2082 282.3192 169.2013|286.3763 89.34289 124.9742 89.34289 141.7914 108.9975 124.9742 108.9975 385.1722|
|673|0.001029407|134.1644 319.3066 46.12281|167.3959 -47.40318 173.1809 -47.40318 50.07319 -85.39598 173.1809 -85.39598 923.4105|
|674|0.001937576|47.98702 -49.93579 -223.1796|187.1011 -52.12147 -1.316795 -52.12147 1250.381 -14.41641 -1.316795 -14.41641 797.1326|
|675|0.001005349|249.2795 130.987 74.93093|90.92175 -71.51661 89.08598 -71.51661 257.5253 -211.5765 89.08598 -211.5765 405.2577|
|676|0.00216131|296.6282 -39.47309 83.35829|243.5041 202.1517 -11.43559 202.1517 287.9579 -28.18446 -11.43559 -28.18446 185.31|
|677|0.002278527|360.8627 -54.46437 95.83326|123.3348 -21.51506 -186.2261 -21.51506 121.06 64.67813 -186.2261 64.67813 611.8118|
|678|0.00191449|70.20188 73.56895 -101.886|388.3137 -24.04885 -241.0478 -24.04885 782.3542 -128.0047 -241.0478 -128.0047 646.0128|
|679|0.002582742|379.4605 -94.70864 -257.0405|901.4644 -2.899868 233.4157 -2.899868 447.2969 -76.79224 233.4157 -76.79224 705.9023|
|680|0.0006059178|149.3014 63.77541 157.5574|238.2675 -345.7566 -303.8754 -345.7566 968.4412 108.372 -303.8754 108.372 1301.036|
|681|0.001227406|308.6307 -236.3423 -69.77894|257.4318 11.84216 13.20816 11.84216 172.0935 -351.5898 13.20816 -351.5898 925.5833|
|682|0.001184745|158.1306 -279.06 10.56006|246.4144 24.53894 -1496.117 24.53894 88.60327 -381.5543 -1496.117 -381.5543 11065.21|
|683|0.001471551|106.8579 -66.71725 181.7519|279.8739 70.45739 -52.34305 70.45739 814.4969 335.3469 -52.34305 335.3469 984.5875|
|684|0.001739291|378.9998 256.1184 20.88286|453.2673 -239.8552 619.8682 -239.8552 248.8499 -479.4872 619.8682 -479.4872 3352.62|
|685|0.001043859|93.43156 -282.6548 18.71183|452.0087 -335.148 345.8058 -335.148 383.8818 -342.7717 345.8058 -342.7717 578.661|
|686|0.002698647|56.83487 2.511996 130.0444|459.2781 151.6215 -207.0863 151.6215 966.0157 -24.37303 -207.0863 -24.37303 726.2054|
|687|0.001363377|440.2762 -92.3081 154.6934|118.6544 -11.4098 -204.7193 -11.4098 609.4572 -316.4142 -204.7193 -316.4142 1592.124|
|688|0.0007311642|170.5772 -218.459 38.63|305.0343 11.39752 -9.62871 11.39752 30.45671 -40.38465 -9.62871 -40.38465 303.2865|
|689|0.000945906|468.8798 -123.4341 -19.63199|755.9131 972.5068 -35.10864 972.5068 1362.762 -85.70971 -35.10864 -85.70971 428.8177|
|690|0.002554779|368.4984 -149.8929 162.2251|630.4298 -51.14149 -840.6962 -51.14149 213.1493 193.3459 -840.6962 193.3459 2327.131|
|691|0.001649893|126.0953 259.3282 11.79497|162.4373 -155.5473 107.939 -155.5473 508.1074 -128.7047 107.939 -128.7047 508.9138|
|692|0.001726486|18.36499 -9.95356 98.36995|172.0902 53.60509 -81.22997 53.60509 817.5211 328.2045 -81.22997 328.2045 1420.006|
|693|0.001833841|53.88818 -59.96012 173.4174|516.4624 -161.7613 378.2049 -161.7613 555.945 -83.93011 378.2049 -83.93011 844.1824|
|694|0.002378072|44.29291 35.34457 90.15443|424.4254 -129.957 -86.38332 -129.957 1503.026 194.7337 -86.38332 194.7337 468.5743|
|695|0.001951465|97.2425 -67.79701 -180.2802|475.7337 167.8297 282.1634 167.8297 752.5145 344.4076 282.1634 344.4076 914.6626|
|696|0.002515283|216.3827 -277.4207 45.1544|158.3967 118.4353 187.9278 118.4353 221.238 219.552 187.9278 219.552 1363.129|
|697|0.001803668|35.38257 -10.58105 -43.25827|314.0298 2.453085 -28.90804 2.453085 1078.171 -81.28807 -28.90804 -81.28807 544.796|
|698|0.0006508912|387.4575 144.3937 163.2248|298.8175 328.1355 -565.3828 328.1355 465.7053 -708.3436 -565.3828 -708.3436 1947.846|
|699|0.00152004|93.55209 -70.64849 -90.41358|535.9402 399.6322 -350.2615 399.6322 828.0825 -353.5533 -350.2615 -353.5533 796.4583|
|700|0.001799056|42.83907 17.47677 -165.9991|160.9322 -58.31104 40.18167 -58.31104 940.9862 -36.26692 40.18167 -36.26692 974.8266|
|701|0.001884682|16.79003 47.18723 -143.9321|112.9523 -187.0645 -43.4966 -187.0645 1705.481 -75.53487 -43.4966 -75.53487 981.4161|
|702|0.001844416|423.616 167.4961 -32.11776|91.14368 -387.7139 -29.35423 -387.7139 3246.596 227.4457 -29.35423 227.4457 615.6502|
|703|0.001959143|61.69869 -54.49826 71.3599|645.6978 -24.32576 225.6084 -24.32576 811.5114 -173.4086 225.6084 -173.4086 523.1252|
|704|0.00180186|65.25854 132.5757 136.636|574.6006 -301.9799 257.8817 -301.9799 368.0483 -212.7407 257.8817 -212.7407 2085.986|
|705|0.001617165|-0.8209988 -85.67352 165.1553|86.55354 65.50021 -150.4929 65.50021 1044.641 452.7455 -150.4929 452.7455 2557.235|
|706|0.001189192|35.56736 -38.39785 -115.8692|133.6126 -76.23961 -129.4891 -76.23961 442.1109 90.61848 -129.4891 90.61848 1559.073|
|707|0.001690876|275.5939 -62.05165 58.77999|180.9794 167.3254 -10.95586 167.3254 343.8255 -190.1096 -10.95586 -190.1096 371.3018|
|708|0.002499238|386.127 37.73053 5.681426|188.9961 -142.0386 135.879 -142.0386 273.8119 -381.0433 135.879 -381.0433 904.301|
|709|0.001019441|411.0007 -205.5862 -20.36915|182.5353 298.0226 -13.66367 298.0226 847.9639 -640.8986 -13.66367 -640.8986 1726.95|
|710|0.002356378|409.673 -177.3312 -16.30277|424.0185 540.1185 -349.6809 540.1185 923.3232 -410.9892 -349.6809 -410.9892 1227.999|
|711|0.002118397|419.8325 -125.8425 -219.9711|587.0749 176.1914 521.2148 176.1914 348.7873 -84.08656 521.2148 -84.08656 1417.51|
|712|0.001168235|107.4794 -268.1547 -42.18692|162.6483 106.2024 -284.7323 106.2024 169.1445 -284.2485 -284.7323 -284.2485 848.2394|
|713|0.002225364|125.3426 305.397 50.22038|359.7412 -112.995 523.0758 -112.995 113.2673 -205.8266 523.0758 -205.8266 1576.129|
|714|0.0007904767|430.1289 -174.6832 21.64377|378.6625 193.2558 -193.438 193.2558 274.035 -154.0292 -193.438 -154.0292 421.6892|
|715|0.00121859|215.8064 217.3716 -34.54342|379.6509 -302.1773 -439.7526 -302.1773 328.097 332.8919 -439.7526 332.8919 784.0031|
|716|0.001399206|130.2807 -39.83222 87.31121|213.1845 73.24043 118.2588 73.24043 867.7648 -238.2932 118.2588 -238.2932 890.6036|
|717|0.002037042|129.4153 54.57963 138.2672|201.2468 -148.7817 -144.9852 -148.7817 899.5878 -81.34516 -144.9852 -81.34516 1923.821|
|718|0.001073897|107.8549 -254.3447 30.82799|210.4024 -122.9798 361.4397 -122.9798 224.015 -269.4366 361.4397 -269.4366 1064.585|
|719|0.001261435|226.6602 164.9472 36.01744|44.79861 -19.32966 37.12404 -19.32966 159.1409 -62.96596 37.12404 -62.96596 316.7426|
|720|0.001161269|114.8745 267.2297 39.21742|128.499 141.0023 168.8192 141.0023 520.9363 742.3564 168.8192 742.3564 1457.278|
|721|0.001621917|40.16759 -128.3731 -56.53717|485.6122 141.0084 48.29254 141.0084 271.1215 189.0161 48.29254 189.0161 2500.339|
|722|0.001626421|238.7996 -47.91041 -34.46156|131.2254 62.63932 -64.76065 62.63932 118.7424 4.111916 -64.76065 4.111916 248.6003|
|723|0.0010764|19.11016 65.20654 221.9504|182.465 -106.8615 -204.6267 -106.8615 754.7687 -187.1975 -204.6267 -187.1975 1238.41|
|724|0.001925828|421.1081 -143.567 -64.19596|335.1787 409.1075 -165.4598 409.1075 592.9662 -90.71811 -165.4598 -90.71811 4086.093|
|725|0.001720024|447.4994 -91.54641 -7.106937|57.58926 -21.76492 -20.92888 -21.76492 808.3038 -113.5936 -20.92888 -113.5936 2023.024|
|726|0.001118322|255.2546 -113.2256 85.78332|64.3595 -51.00303 90.45514 -51.00303 199.1129 -71.44534 90.45514 -71.44534 424.1574|
|727|0.001773283|78.2532 -82.62158 -259.6|654.4736 350.4842 -66.62916 350.4842 693.1885 -178.6902 -66.62916 -178.6902 600.6882|
|728|0.000917389|363.5356 -3.530281 20.03606|38.79527 49.35175 13.46262 49.35175 275.9855 -173.3619 13.46262 -173.3619 515.8104|
|729|0.001641794|60.887 36.24973 253.1097|659.7133 -337.8868 -250.4229 -337.8868 1101.779 150.8299 -250.4229 150.8299 536.0523|
|730|0.002344321|35.65113 126.1923 -107.068|396.5714 -204.8817 -362.5569 -204.8817 362.4974 205.4356 -362.5569 205.4356 2926.228|
|731|0.001482504|40.10275 -4.011518 224.3728|503.1555 129.2916 -250.0287 129.2916 534.5768 -25.88034 -250.0287 -25.88034 625.8348|
|732|0.001161865|239.7649 199.7147 -113.1555|254.2239 110.4422 -93.63532 110.4422 97.50798 -63.9538 -93.63532 -63.9538 474.5676|
|733|0.001630545|47.04463 -74.40105 -29.82861|392.0268 299.7318 125.2019 299.7318 767.265 119.3907 125.2019 119.3907 808.102|
|734|0.001147167|229.9803 -68.01146 15.18425|86.66873 -33.35027 54.56515 -33.35027 133.3423 -43.15926 54.56515 -43.15926 173.2387|
|735|0.002159191|108.1237 -30.74192 -206.0689|604.6708 231.2183 113.8375 231.2183 745.8452 206.7219 113.8375 206.7219 553.405|
|736|0.001350255|58.02629 136.8443 26.43637|474.658 -262.1418 12.88583 -262.1418 336.7309 270.3718 12.88583 270.3718 2628.755|
|737|0.001697623|115.7795 -28.29003 -65.55965|447.3431 161.337 -241.4102 161.337 439.0197 -205.5608 -241.4102 -205.5608 1351.707|
|738|0.001371393|419.6353 184.2934 30.72823|103.0811 -106.8401 -26.32572 -106.8401 792.2248 -313.1481 -26.32572 -313.1481 948.9973|
|739|0.001261179|72.87446 142.7278 -102.9353|432.9038 -123.8673 97.55602 -123.8673 198.4003 -177.0514 97.55602 -177.0514 1514.653|
|740|0.001900204|-22.05288 -291.2707 -97.67073|27.61292 7.202303 -70.17455 7.202303 386.1897 500.8646 -70.17455 500.8646 2538.409|
|741|0.002050434|-16.29979 21.25302 87.89911|30.74937 -164.2941 -64.26298 -164.2941 2811.601 21.91798 -64.26298 21.91798 3407.678|
|742|0.001687438|97.33365 -42.08401 110.803|270.5297 57.59396 43.0308 57.59396 689.8215 163.3504 43.0308 163.3504 770.9061|
|743|0.001514071|94.88609 -273.4566 55.48434|171.0728 -115.9606 169.2651 -115.9606 256.0764 -306.3999 169.2651 -306.3999 1068.225|
|744|0.002182917|135.7362 268.7899 76.98659|137.4305 80.36344 127.7131 80.36344 167.6875 111.4953 127.7131 111.4953 1109.901|
|745|0.002403|436.7364 -140.965 6.24922|221.1466 229.5619 -22.29978 229.5619 454.5173 422.2839 -22.29978 422.2839 4841.942|
|746|0.001850858|16.08525 6.566308 189.6889|182.5665 28.64486 -127.2807 28.64486 896.4257 159.5001 -127.2807 159.5001 1503.993|
|747|0.001290435|385.9669 -218.3591 -0.5926529|341.495 253.9228 238.3669 253.9228 701.3713 -185.131 238.3669 -185.131 820.4697|
|748|0.001885054|63.4235 -39.96245 -162.1761|214.9715 -72.70238 -73.56032 -72.70238 856.5424 19.40121 -73.56032 19.40121 921.911|
|749|0.001837475|36.41399 16.40383 -94.25622|393.38 -95.51577 -230.9215 -95.51577 719.9406 165.8558 -230.9215 165.8558 720.2448|
|750|0.002254976|356.6267 280.9608 7.881099|277.2747 -186.7043 -328.0065 -186.7043 242.4379 64.97807 -328.0065 64.97807 3147.532|
|751|0.001223836|13.52446 106.942 99.87096|210.7607 -170.7387 -294.0217 -170.7387 624.2449 469.7993 -294.0217 469.7993 1546.313|
|752|0.001056158|-19.64721 -285.4806 -14.61038|49.04259 -18.69042 -131.7897 -18.69042 103.2271 71.22324 -131.7897 71.22324 1334.231|
|753|0.001478121|63.51459 45.66774 198.4719|569.629 51.04367 -457.2837 51.04367 412.7398 183.86 -457.2837 183.86 1278.286|
|754|0.00173566|441.015 75.43105 -17.60728|70.69987 -355.3268 103.7559 -355.3268 4099.323 -338.0097 103.7559 -338.0097 694.2869|
|755|0.002312815|300.4471 -237.6629 -33.92099|231.0449 63.13187 -193.9646 63.13187 182.2728 -359.9386 -193.9646 -359.9386 1109.564|
|756|0.002110422|444.5476 -49.89258 10.39633|69.4136 52.04738 -146.2369 52.04738 1178.626 455.9238 -146.2369 455.9238 1691.235|
|757|0.001508006|89.89237 57.5508 -174.7545|453.8407 102.0595 -18.67085 102.0595 798.1976 28.25902 -18.67085 28.25902 405.7881|
|758|0.002207554|17.2874 -287.4698 -49.63092|347.9512 -0.8045594 -154.1962 -0.8045594 90.7253 -79.84562 -154.1962 -79.84562 761.9088|
|759|0.001561835|25.74523 -44.55732 -179.469|108.9294 -73.88513 -24.53862 -73.88513 1333.779 -62.05471 -24.53862 -62.05471 1013.082|
|760|0.001615609|13.61984 -46.16899 -97.62598|129.6863 -205.6579 20.22972 -205.6579 1268.889 -133.2232 20.22972 -133.2232 1348.781|
|761|0.001313269|447.5616 -43.12952 60.29453|55.15862 64.30167 -130.9735 64.30167 1430.026 57.59845 -130.9735 57.59845 2139.542|
|762|0.001506531|98.43723 -18.37159 -146.3042|546.0667 -198.5509 -54.83014 -198.5509 632.9779 107.9345 -54.83014 107.9345 538.6202|
|763|0.001520269|72.79619 -39.18349 225.1333|676.6312 354.6461 -299.4455 354.6461 806.2389 -279.4715 -299.4455 -279.4715 757.5121|
|764|0.001608298|119.7413 282.2695 97.99806|154.371 67.27931 39.71432 67.27931 289.8068 323.573 39.71432 323.573 1282.552|
|765|0.001524331|418.0932 152.1919 -20.56859|127.9013 -423.0576 131.6534 -423.0576 1916.866 -424.5947 131.6534 -424.5947 1412.497|
|766|0.001370303|226.6367 -168.5578 64.784|90.76027 -18.00576 -70.29 -18.00576 118.7202 -0.4010271 -70.29 -0.4010271 275.0893|
|767|0.001312525|364.636 247.6037 23.84063|555.0621 -528.7952 -223.2556 -528.7952 558.3846 127.469 -223.2556 127.469 2706.194|
|768|0.001426181|104.7812 -287.9913 93.3618|190.9927 -142.7203 214.0618 -142.7203 303.1927 -351.0623 214.0618 -351.0623 1140.225|
|769|0.001460266|-1.568935 -0.1681748 167.2941|53.3119 4.936536 -13.84966 4.936536 1696.644 -914.6473 -13.84966 -914.6473 2916.271|
