#|num|weight|mean|covariance matrix|
|0|0.001259136|258.184361001 238.39273851 -127.224|113.9454 -11.69789 60.03395 -11.69789 128.5136 94.48505 60.03395 94.48505 330.7777|
|1|0.002121572|164.861300109 -300.369999263 -302.8569|679.9056 -144.1203 34.03983 -144.1203 561.9158 -1.206362 34.03983 -1.206362 259.4973|
|2|0.002402394|4.74000795526 288.790323735 40.42232|43.58334 18.41253 10.99577 18.41253 171.7891 -148.6779 10.99577 -148.6779 903.0738|
|3|0.00168386|386.572139142 185.056063829 -285.4551|439.1178 -130.0075 218.9341 -130.0075 438.1315 29.97161 218.9341 29.97161 495.0319|
|4|0.001584117|327.214050554 -98.9295589757 -309.0534|725.907 26.13568 -56.03271 26.13568 491.2498 46.91016 -56.03271 46.91016 185.0299|
|5|0.001252035|445.18282417 52.8973963279 240.4169|712.4551 142.8751 -499.7649 142.8751 224.3036 -80.41483 -499.7649 -80.41483 630.7209|
|6|0.002294117|64.4984355212 319.224344469 95.54984|149.2603 12.51943 104.7309 12.51943 54.29849 -18.80328 104.7309 -18.80328 1017.662|
|7|0.000967049|441.196353111 56.1733042769 -174.6489|302.2122 -145.0917 191.5925 -145.0917 191.2556 -7.930867 191.5925 -7.930867 591.4594|
|8|0.002978431|179.535344966 -159.94344815 -29.05932|318.8658 322.0346 -414.0873 322.0346 447.3083 -511.4115 -414.0873 -511.4115 971.6428|
|9|0.003152224|302.464767609 176.184957332 -87.18291|243.1014 -55.0318 303.3674 -55.0318 93.60729 -73.57668 303.3674 -73.57668 819.4008|
|10|0.001916072|276.136383103 -168.686599077 -153.9571|123.0006 -0.9519919 -122.2718 -0.9519919 79.10117 -10.55732 -122.2718 -10.55732 976.8285|
|11|0.002383095|350.693078664 -12.5476890998 -122.564|102.2006 1.59555 91.49777 1.59555 143.543 0.7977772 91.49777 0.7977772 309.1825|
|12|0.002661155|4.007030036 -276.103080623 -102.5268|125.0887 -49.87162 2.243804 -49.87162 133.4392 -103.1505 2.243804 -103.1505 617.4672|
|13|0.001213099|220.928677564 268.527974172 86.19565|198.1352 18.02991 -141.1514 18.02991 75.06059 -57.51912 -141.1514 -57.51912 391.7775|
|14|0.002102637|338.05676335 95.9272250374 -141.6761|70.72884 28.03904 113.9648 28.03904 216.3099 13.73991 113.9648 13.73991 587.2643|
|15|0.000986062|66.2780909695 328.672569809 -39.75458|1339.312 7.572012 -2747.237 7.572012 2.241572 -19.46704 -2747.237 -19.46704 13467.09|
|16|0.003258321|335.192525677 -157.310405766 139.7957|1181.124 -61.24806 -429.4404 -61.24806 119.5926 92.01492 -429.4404 92.01492 717.962|
|17|0.001826336|315.91120676 -64.6276502231 -120.6594|217.1195 1.408458 -0.761404 1.408458 67.69212 -28.07033 -0.761404 -28.07033 219.8788|
|18|0.001437384|392.709459578 -132.116411426 -301.5026|433.7654 106.0211 161.308 106.0211 552.8106 54.01908 161.308 54.01908 284.074|
|19|0.001027523|526.252049262 31.5380613013 97.03435|272.9287 -135.953 105.8228 -135.953 220.9586 -79.99566 105.8228 -79.99566 579.5949|
|20|0.002423954|261.919785339 33.9864680312 39.80827|87.88377 -1.961384 53.3945 -1.961384 106.3444 23.59753 53.3945 23.59753 272.8725|
|21|0.001800477|68.4343971937 -341.626627523 -107.7925|1856.664 -9.341641 -291.8984 -9.341641 2.526673 1.930389 -291.8984 1.930389 2733.876|
|22|0.000321042|268.174998846 -121.3838417 -161.9321|95.18192 74.04397 1.638375 74.04397 112.3258 -53.73215 1.638375 -53.73215 364.0352|
|23|0.001710323|95.6918815722 298.383437759 -259.9005|358.1917 -19.69282 4.053711 -19.69282 122.4672 169.488 4.053711 169.488 1567.603|
|24|0.002134498|240.139333258 140.580871339 -129.0776|85.18231 27.2348 -242.4302 27.2348 175.8587 -322.3185 -242.4302 -322.3185 2110.058|
|25|0.003223863|285.990832202 89.3757617516 -115.1842|625.2244 -417.857 6.843972 -417.857 348.4192 -44.68926 6.843972 -44.68926 252.4835|
|26|0.002499316|307.28576699 -169.036345379 -85.5972|814.7577 266.4902 297.1188 266.4902 139.1389 76.93127 297.1188 76.93127 280.1449|
|27|0.001536795|237.33353656 -253.959088677 -125.1044|123.8431 8.092934 60.73617 8.092934 99.51223 -69.16972 60.73617 -69.16972 329.1223|
|28|0.001859453|207.614573826 -157.332402233 38.94774|104.8208 5.947204 63.83506 5.947204 97.81724 -14.32225 63.83506 -14.32225 275.8083|
|29|0.002169618|242.481081957 -19.548626772 8.573446|48.3792 12.99022 -35.89358 12.99022 239.1957 -121.2 -35.89358 -121.2 366.7959|
|30|0.003182195|368.086506652 -27.8060377044 73.83039|288.985 18.82411 41.81821 18.82411 86.58062 -3.633591 41.81821 -3.633591 272.5247|
|31|0.001236263|249.876077336 -11.2357880083 -59.09885|154.3251 -129.1824 -240.2101 -129.1824 219.0809 288.5979 -240.2101 288.5979 632.3046|
|32|0.003700354|388.274098401 -111.027752895 -46.858|229.9059 53.51724 135.6835 53.51724 131.1963 -40.50977 135.6835 -40.50977 549.8122|
|33|0.00248761|205.06863175 -191.753552647 -108.2833|126.3333 -13.35558 74.9637 -13.35558 63.00924 -62.4938 74.9637 -62.4938 671.0098|
|34|0.003674634|341.82374631 74.457734445 -69.80814|65.59083 -77.21143 -84.97021 -77.21143 451.6776 514.0933 -84.97021 514.0933 895.4309|
|35|0.001649189|456.680336957 -69.938714525 7.786063|21.87851 60.7932 -19.35894 60.7932 1243.953 37.84033 -19.35894 37.84033 1303.814|
|36|0.001391383|355.282927833 -255.234307698 -185.8938|123.1583 23.21537 77.49373 23.21537 541.9866 -320.0148 77.49373 -320.0148 809.458|
|37|0.00158733|186.829366337 -256.419907599 67.89079|102.3721 4.894591 26.36344 4.894591 197.1214 -75.44167 26.36344 -75.44167 223.7178|
|38|0.00220368|304.092751048 13.1030151222 27.17477|41.27443 18.52586 -19.93801 18.52586 180.4496 -131.1052 -19.93801 -131.1052 297.9291|
|39|0.002064975|189.420721791 -330.486566216 -198.4827|241.1032 -34.01378 -48.70753 -34.01378 152.2759 -346.2497 -48.70753 -346.2497 2430.644|
|40|0.003500152|218.453988876 106.996604186 -44.39666|65.80747 -12.79519 -42.40997 -12.79519 233.1644 32.70282 -42.40997 32.70282 321.9734|
|41|0.00363745|336.106140593 196.339160576 -236.0784|768.1048 256.7787 30.50468 256.7787 292.8103 -54.87828 30.50468 -54.87828 1366.262|
|42|0.001103934|-52.2277378113 -282.586666122 -166.6908|16.65971 -19.33383 -107.3783 -19.33383 465.3215 1381.456 -107.3783 1381.456 6287.89|
|43|0.002315893|293.132642285 -51.4470607503 -125.1905|120.0484 3.20865 -12.86427 3.20865 39.80001 -21.01505 -12.86427 -21.01505 1396.326|
|44|0.00379567|85.9568577143 -320.295577012 -155.743|318.6634 -97.01405 -179.9612 -97.01405 122.227 -51.86522 -179.9612 -51.86522 1288.808|
|45|0.001066486|351.085260292 34.7937525634 73.4192|78.05201 -1.795943 -18.58937 -1.795943 63.49035 3.105517 -18.58937 3.105517 202.3594|
|46|0.001271545|488.365659513 127.327717412 198.9493|1251.454 21.06663 -1125.486 21.06663 199.3522 -189.6501 -1125.486 -189.6501 1398.221|
|47|0.001553472|407.779728165 -320.25424191 106.443|305.6641 345.2954 418.869 345.2954 730.8603 1317.687 418.869 1317.687 3769.296|
|48|0.00377097|194.203282799 -287.320928341 -12.03305|420.551 170.9968 454.7948 170.9968 137.8226 186.8079 454.7948 186.8079 897.6694|
|49|0.000825809|431.369666563 278.761713325 -18.47163|67.89791 -30.98112 43.01026 -30.98112 98.03523 14.18669 43.01026 14.18669 931.8924|
|50|0.003870838|145.900659888 260.93031286 -121.1413|829.7018 117.7639 45.96943 117.7639 83.07681 1.358876 45.96943 1.358876 491.2935|
|51|0.003073032|355.632355352 193.204122736 -46.77254|122.7118 35.61259 81.68552 35.61259 182.4376 19.54825 81.68552 19.54825 615.6013|
|52|0.003526143|201.17596852 199.454788188 -98.74131|79.23781 2.929605 59.45562 2.929605 127.4336 22.09367 59.45562 22.09367 716.7645|
|53|0.001986695|279.475820809 -62.3995354398 -59.29107|156.4516 -163.3403 71.27132 -163.3403 307.2352 -234.6471 71.27132 -234.6471 499.7199|
|54|0.002313861|109.301643696 -212.384574744 -42.62033|241.2325 -9.026746 15.97489 -9.026746 70.76244 46.90085 15.97489 46.90085 389.0769|
|55|0.001819566|72.041803196 -297.446284531 -117.3196|167.156 154.8191 -115.6838 154.8191 342.3631 -198.6891 -115.6838 -198.6891 417.5614|
|56|0.002890152|255.763342579 153.656875739 79.8468|75.56682 62.92195 74.03226 62.92195 499.6474 308.0574 74.03226 308.0574 487.9038|
|57|0.003674303|298.940299219 -184.601426285 -154.6908|261.9829 307.8293 -455.5885 307.8293 674.3225 -1097.491 -455.5885 -1097.491 2376.605|
|58|0.001633369|187.242666287 200.575796927 33.8917|271.4061 35.58137 171.9967 35.58137 51.14518 -36.73018 171.9967 -36.73018 533.6003|
|59|0.003120324|19.6157186406 -288.115409507 -0.8412422|231.4687 58.63605 2.30733 58.63605 172.5607 110.9252 2.30733 110.9252 571.1458|
|60|0.002500352|260.376524836 -355.026656261 5.162794|331.5088 -2.108576 -42.4474 -2.108576 20.82209 -11.9906 -42.4474 -11.9906 4191.587|
|61|0.001041647|167.60423814 319.197467492 -70.27943|203.4396 1.53083 -126.768 1.53083 1.907988 7.619345 -126.768 7.619345 5968.453|
|62|0.001921188|175.656334944 280.126633847 -154.1022|124.2241 29.50514 77.80512 29.50514 167.0974 -38.02545 77.80512 -38.02545 1068.481|
|63|0.00322463|357.308603579 -163.572969496 43.29245|92.71779 28.01725 -58.6656 28.01725 161.6206 -51.21814 -58.6656 -51.21814 659.0417|
|64|0.000875782|37.709125213 -332.198133794 -156.7742|2658.096 111.1513 -589.337 111.1513 20.58451 -38.12158 -589.337 -38.12158 396.534|
|65|0.001786644|370.303799067 106.501264412 127.2124|179.7488 66.10388 -100.4533 66.10388 388.2435 -380.3702 -100.4533 -380.3702 731.1644|
|66|0.001344466|444.877381798 -265.05968967 178.6819|711.202 -564.3857 -1004.443 -564.3857 895.2917 942.5369 -1004.443 942.5369 1787.903|
|67|0.002959538|184.74153318 -318.443743094 69.58025|131.6149 19.28851 62.53077 19.28851 129.6485 202.671 62.53077 202.671 795.1011|
|68|0.001930015|507.818807359 79.594662301 153.146|286.7334 275.2696 -429.8627 275.2696 687.8334 -344.2628 -429.8627 -344.2628 1317.968|
|69|0.003455119|319.770981753 153.165051132 -277.7628|1255.026 106.0363 327.8492 106.0363 403.3807 79.48065 327.8492 79.48065 514.9501|
|70|0.002794113|320.73033677 -100.01739071 -250.7758|467.6053 24.28206 278.0222 24.28206 473.3281 -95.56679 278.0222 -95.56679 822.3396|
|71|0.002808491|356.530985687 29.903127447 -122.2777|87.33741 20.47123 93.95906 20.47123 168.42 8.788258 93.95906 8.788258 810.689|
|72|0.001955604|479.128510464 -238.127424063 98.29778|133.0059 4.049155 -79.94831 4.049155 230.9699 -15.31186 -79.94831 -15.31186 991.9662|
|73|0.002258282|181.848146306 304.658816329 -142.1466|175.2437 4.803658 180.2954 4.803658 51.542 41.18531 180.2954 41.18531 1343.361|
|74|0.002416687|515.983910831 -79.5296248386 -16.98973|170.1545 347.2594 -23.18273 347.2594 1066.238 -209.7984 -23.18273 -209.7984 726.377|
|75|0.002332684|301.587870558 -67.6804136033 -192.8495|344.4648 35.97411 -399.343 35.97411 107.6847 -127.7678 -399.343 -127.7678 2976.326|
|76|0.000983802|412.090855216 -75.3964484172 10.87855|37.34087 29.22734 19.23776 29.22734 315.5606 60.35397 19.23776 60.35397 531.2336|
|77|0.003429529|385.659043961 127.006632055 -3.705535|225.6213 -26.8006 63.73833 -26.8006 123.3611 -125.7466 63.73833 -125.7466 707.3197|
|78|0.003069932|346.401774371 69.9583355605 -154.9783|261.4436 -322.7505 619.958 -322.7505 740.1395 -1049.291 619.958 -1049.291 2121.866|
|79|0.001437927|434.253079638 182.9665284 -143.9009|355.1828 -131.5823 1153.013 -131.5823 207.9344 -432.4761 1153.013 -432.4761 4671.701|
|80|0.00136282|273.304915717 76.2816703642 -5.636618|101.6525 132.7463 -64.05956 132.7463 341.8615 -160.2039 -64.05956 -160.2039 238.125|
|81|0.001188805|450.188617304 -157.524578714 146.8675|59.39516 -34.95256 -78.87164 -34.95256 244.2698 42.18741 -78.87164 42.18741 1633.157|
|82|0.000587056|326.678040119 303.156670588 -19.40676|342.3724 1.56001 -48.98584 1.56001 3.234725 4.710597 -48.98584 4.710597 1928.52|
|83|0.002238542|173.476624492 170.782450907 -16.98633|398.8824 -307.0161 464.1107 -307.0161 325.834 -415.5266 464.1107 -415.5266 912.8994|
|84|0.002954645|432.755033772 -287.681862095 -24.58572|140.6544 324.2161 -42.20633 324.2161 1300.962 -90.11774 -42.20633 -90.11774 795.3213|
|85|0.003982822|242.095249 271.631134539 -34.98306|572.6855 -242.0086 1011.181 -242.0086 199.4256 -483.7825 1011.181 -483.7825 2341.28|
|86|0.000411343|375.979750803 137.803859485 -62.18008|313.5115 -342.9481 36.58746 -342.9481 474.0832 36.15803 36.58746 36.15803 160.7734|
|87|0.001463893|316.446541702 72.7312834798 -150.9426|88.71393 3.127064 -16.24654 3.127064 74.73013 -0.4075913 -16.24654 -0.4075913 953.6986|
|88|0.002269821|294.065681515 -227.313553042 -119.3365|169.2099 -93.34832 75.39464 -93.34832 176.9465 -136.2155 75.39464 -136.2155 433.7065|
|89|0.001319667|391.299231515 12.4540466552 10.51771|135.333 -81.05888 39.05651 -81.05888 117.0702 -123.415 39.05651 -123.415 339.6817|
|90|0.001653424|158.32887567 254.541910228 -37.91188|239.6905 -93.24904 -117.366 -93.24904 69.73927 67.15678 -117.366 67.15678 937.4486|
|91|0.004082865|385.095495606 -175.098084415 193.7619|716.0184 207.9909 -628.0239 207.9909 322.8931 176.8927 -628.0239 176.8927 1947.888|
|92|0.002645773|271.645915048 -228.644340334 -122.2958|145.9493 33.17719 91.01345 33.17719 113.5894 -99.59899 91.01345 -99.59899 861.4178|
|93|0.002266904|326.885786885 119.430118342 36.70417|690.0856 199.9093 -246.3576 199.9093 132.8953 -118.5806 -246.3576 -118.5806 380.5849|
|94|0.002784634|350.013819063 -97.249746422 69.52276|223.1136 -155.0615 -441.7048 -155.0615 205.6945 327.2003 -441.7048 327.2003 1140.408|
|95|0.002702738|221.839695081 -102.070364223 -8.830025|74.05715 -41.48753 88.39344 -41.48753 218.5479 -74.40577 88.39344 -74.40577 359.9163|
|96|0.003771957|276.981967706 -64.5307920953 -3.524343|41.2726 9.427519 23.65311 9.427519 195.0816 -335.9468 23.65311 -335.9468 1069.318|
|97|0.001562839|286.230635748 128.871508182 -103.1097|104.5551 99.8676 39.92673 99.8676 292.7762 222.8735 39.92673 222.8735 415.9169|
|98|0.000619687|20.1517287439 241.554712373 1.623987|225.0738 -18.65541 126.7218 -18.65541 47.75935 -30.17545 126.7218 -30.17545 278.5093|
|99|0.002663118|191.914457083 -343.788620169 -58.32373|280.7909 -23.20989 97.07831 -23.20989 44.71242 -13.32999 97.07831 -13.32999 1195.95|
|100|0.003028|294.01555545 189.243296432 -26.52002|156.2055 -183.6927 -215.9589 -183.6927 409.2034 512.1619 -215.9589 512.1619 951.1306|
|101|0.001445777|10.6493923903 -237.140245678 -26.22411|597.5048 45.0771 -506.9847 45.0771 57.80962 -58.2952 -506.9847 -58.2952 730.4889|
|102|0.00300104|249.981126031 -141.909653033 13.82044|499.421 241.5155 -1.292892 241.5155 192.2639 13.59159 -1.292892 13.59159 285.9014|
|103|0.000751421|180.310902647 315.92622753 185.9062|417.027 2.092039 -149.0049 2.092039 7.225085 -6.632175 -149.0049 -6.632175 1858.1|
|104|0.000982399|452.732020993 -122.089577438 -125.62|2177.043 1654.718 3004.143 1654.718 1533.006 2040.747 3004.143 2040.747 4578.341|
|105|0.001627356|106.995735368 -327.866921039 17.74553|272.6639 -44.57353 75.80593 -44.57353 62.04404 -36.46433 75.80593 -36.46433 347.4854|
|106|0.002976433|354.447206163 125.487058321 141.0865|735.5309 520.8924 -389.7772 520.8924 538.3992 -261.8381 -389.7772 -261.8381 726.7618|
|107|0.00360757|74.274000191 286.482360518 71.15476|670.6864 -386.1317 35.29986 -386.1317 342.8091 61.47333 35.29986 61.47333 508.2806|
|108|0.000696795|366.701211028 -206.094772973 -56.39491|164.3697 157.0521 90.40723 157.0521 235.2863 132.262 90.40723 132.262 372.3344|
|109|0.001030363|340.966280213 271.169440602 142.534|152.0836 -83.66212 -95.73516 -83.66212 255.6439 32.74968 -95.73516 32.74968 515.5739|
|110|0.001214722|328.768515372 163.501563002 -316.9975|1118.219 71.80174 24.5225 71.80174 568.5191 33.19689 24.5225 33.19689 79.81506|
|111|0.001739567|246.838700344 146.240219978 -14.3696|78.18004 -18.84686 212.6754 -18.84686 54.99577 -77.82318 212.6754 -77.82318 1067.352|
|112|0.000994814|540.342566808 19.1999829785 -3.463897|76.15714 -98.72133 -70.02666 -98.72133 549.2889 -20.91243 -70.02666 -20.91243 726.9406|
|113|0.001695603|444.858242157 -159.51042735 -71.91323|114.1659 -88.11716 213.989 -88.11716 1191.663 -1011.999 213.989 -1011.999 1498.247|
|114|0.001894891|261.583923951 185.863671436 66.4731|167.0598 -3.496331 57.05286 -3.496331 111.3491 -4.950407 57.05286 -4.950407 227.1263|
|115|0.002539203|484.484570529 145.070587963 -5.378509|1364.142 -2081.599 1235.923 -2081.599 3322.629 -1861.688 1235.923 -1861.688 1818.091|
|116|0.002762116|510.661773757 108.400090525 -36.23968|370.0974 -509.2223 67.56257 -509.2223 877.3645 3.665761 67.56257 3.665761 653.1118|
|117|0.002000201|81.7613202001 227.965733756 -44.16175|179.7445 -77.0883 -63.09482 -77.0883 139.6157 -10.27202 -63.09482 -10.27202 323.3348|
|118|0.002838769|519.339391488 128.517494259 89.48367|170.2874 -120.8512 142.7326 -120.8512 409.2918 36.50288 142.7326 36.50288 2016.452|
|119|0.000608938|428.410027516 -176.365533405 6.588897|733.8954 1535.448 -1799.017 1535.448 3537.362 -4137.599 -1799.017 -4137.599 4943.057|
|120|0.001990364|273.086087737 -13.6974921185 -104.3745|72.6675 48.63226 -55.63044 48.63226 224.1975 -366.8898 -55.63044 -366.8898 916.9811|
|121|0.001136896|334.970831608 270.151693379 -44.57855|136.1251 -96.15549 -168.7267 -96.15549 176.9935 -24.14477 -168.7267 -24.14477 1380.111|
|122|0.003701582|153.794669089 -244.317253965 -10.35828|219.8583 13.76963 -444.6295 13.76963 55.07873 -38.25723 -444.6295 -38.25723 1715.235|
|123|0.002134771|265.380347643 -140.418437757 40.40886|118.9177 158.9215 121.7162 158.9215 796.3773 468.759 121.7162 468.759 406.3754|
|124|0.0025156|189.123628687 288.307413631 -87.05224|219.6549 -92.20593 -104.1001 -92.20593 131.3973 140.5178 -104.1001 140.5178 511.8097|
|125|0.003732853|7.82875626737 288.28877128 -77.18006|59.49796 -16.36489 0.2470087 -16.36489 196.7952 226.2254 0.2470087 226.2254 1161.007|
|126|0.003724369|228.082897568 86.5145187282 -0.4889262|178.9714 -56.50171 38.15791 -56.50171 102.8069 65.48724 38.15791 65.48724 401.9023|
|127|0.002097517|176.254806093 -342.405742642 -247.4553|746.0099 -19.51787 125.5717 -19.51787 42.74363 -34.65796 125.5717 -34.65796 1695.621|
|128|0.001995778|243.173436144 32.2623987037 -52.52639|70.5741 -56.31525 89.44738 -56.31525 190.4113 -114.9806 89.44738 -114.9806 453.5219|
|129|0.000805659|479.77137164 -4.77121387471 107.6327|434.6238 301.309 257.5916 301.309 294.8339 103.3458 257.5916 103.3458 1262.088|
|130|0.003510196|67.2596778717 280.658943663 8.375392|250.8217 -139.4225 371.0903 -139.4225 181.9011 -316.2333 371.0903 -316.2333 1188.947|
|131|0.002081101|318.021905224 -145.609003794 32.59865|443.159 -274.9388 -246.7689 -274.9388 256.074 130.1084 -246.7689 130.1084 428.6412|
|132|0.001566758|111.150985781 314.355179011 -268.8226|722.314 9.899048 215.3153 9.899048 41.12126 53.36642 215.3153 53.36642 1234.217|
|133|0.004018324|169.190679016 -263.68556398 -125.3248|117.5567 -22.25264 -33.05903 -22.25264 285.0566 -104.6663 -33.05903 -104.6663 826.0976|
|134|0.000902453|23.4681196477 -332.098836755 97.17252|560.6141 81.38755 50.53024 81.38755 31.40048 7.048972 50.53024 7.048972 361.6447|
|135|0.001925327|98.8597844628 220.212926193 -2.009151|180.8477 33.7089 -5.844086 33.7089 82.28476 53.49145 -5.844086 53.49145 414.5236|
|136|0.004104475|342.531910824 -65.980369287 -19.41735|69.28698 77.87441 123.5007 77.87441 334.3521 351.4515 123.5007 351.4515 708.0809|
|137|0.000616762|343.753421615 296.418446351 56.23036|205.9558 -18.88952 -783.8407 -18.88952 18.143 46.536 -783.8407 46.536 5449.055|
|138|0.000762281|465.112880003 -121.005961434 -144.6717|398.8414 446.0848 466.17 446.0848 887.3215 543.513 466.17 543.513 692.9778|
|139|0.002473453|323.993899371 176.971803983 62.60678|247.5288 0.8715651 -357.8348 0.8715651 48.53392 -47.48516 -357.8348 -47.48516 1163.544|
|140|0.000988699|424.382546854 -39.594098937 -49.63894|60.44491 111.975 -95.04463 111.975 424.5497 -82.09167 -95.04463 -82.09167 1265.666|
|141|0.000978386|418.575841916 -167.819624818 234.3874|284.1161 109.926 -155.7941 109.926 445.3791 -63.80119 -155.7941 -63.80119 303.8807|
|142|0.003114044|159.681790376 -303.529912871 -79.7224|250.6018 -167.1823 147.2663 -167.1823 328.4108 -326.8294 147.2663 -326.8294 710.1788|
|143|0.00090337|361.805840883 -348.562565996 109.7875|899.3584 -148.5722 -194.9804 -148.5722 80.30932 6.855939 -194.9804 6.855939 722.8272|
|144|0.001779317|266.515518888 -218.460027096 87.24169|112.3246 29.74007 -40.09735 29.74007 158.4109 70.88892 -40.09735 70.88892 277.9461|
|145|0.002556397|422.573916641 -133.467884701 -2.690664|48.00657 -0.5938609 -341.647 -0.5938609 431.8073 -154.1537 -341.647 -154.1537 5988.968|
|146|0.001362847|279.035466947 -264.933565893 14.18636|94.33774 -4.211158 -68.42031 -4.211158 212.3168 -115.4036 -68.42031 -115.4036 327.9308|
|147|0.002489506|118.541608327 300.493402361 -60.1104|305.8538 83.83988 1267.667 83.83988 93.79367 378.7086 1267.667 378.7086 6990.602|
|148|0.002062381|376.880293373 -117.629508251 -107.8963|79.09399 35.89909 13.02561 35.89909 186.2605 -274.5964 13.02561 -274.5964 1378.6|
|149|0.002178095|88.0595331145 -259.063911075 79.16759|259.1888 91.98524 -45.93169 91.98524 138.7663 -125.5634 -45.93169 -125.5634 525.0947|
|150|0.0017378|418.373658921 93.2346958712 -63.02267|149.1329 -169.4444 -76.62906 -169.4444 453.004 138.2671 -76.62906 138.2671 464.7342|
|151|0.00143146|201.130108752 169.174378653 -78.42294|126.5225 -5.697339 -84.84914 -5.697339 91.62623 -19.86802 -84.84914 -19.86802 314.5372|
|152|0.002735447|354.751398647 -284.012652675 216.5328|757.4697 -193.0278 -477.3851 -193.0278 316.9862 288.6652 -477.3851 288.6652 1034.573|
|153|0.003059877|185.207740655 297.63427388 -36.45262|537.0178 -47.561 -696.2563 -47.561 54.44334 30.73661 -696.2563 30.73661 1425.452|
|154|0.003605989|208.576320165 -210.565656879 -58.92995|329.1541 296.993 -301.1411 296.993 397.3763 -294.8032 -301.1411 -294.8032 549.865|
|155|0.003452726|272.502058163 79.5049602378 76.13704|239.2663 -68.04059 218.2842 -68.04059 102.5999 -77.54659 218.2842 -77.54659 542.6919|
|156|0.001550275|329.068494431 -57.3063646144 57.11218|159.0702 32.57431 -237.5193 32.57431 77.33761 -37.09404 -237.5193 -37.09404 596.5474|
|157|0.001782479|226.411608416 -82.2607732702 -58.69257|118.762 54.03352 -70.84177 54.03352 107.4776 -53.4355 -70.84177 -53.4355 203.2375|
|158|0.000637289|452.347244474 85.814209551 -95.80399|105.7185 -161.2788 526.8641 -161.2788 472.0548 -471.0062 526.8641 -471.0062 3862.46|
|159|0.002753963|70.7997354705 275.036157989 -134.2613|141.0701 -31.51585 37.18476 -31.51585 157.6436 -301.6427 37.18476 -301.6427 1862.19|
|160|0.002652916|383.32860795 -94.2426835118 -232.5223|999.8536 -440.6372 512.1089 -440.6372 324.9983 -262.0888 512.1089 -262.0888 1618.328|
|161|0.002083714|293.014727845 -179.421136411 186.827|705.8029 -541.4636 703.2927 -541.4636 619.3384 -597.1995 703.2927 -597.1995 1643.468|
|162|0.003115828|327.451449682 -168.585163259 -121.8988|125.9566 32.60177 159.1902 32.60177 100.0828 50.38203 159.1902 50.38203 710.584|
|163|0.002539998|300.214304593 124.212885544 24.92272|83.30634 -34.61015 434.5651 -34.61015 188.3148 -1246.798 434.5651 -1246.798 11206.38|
|164|0.000509154|460.982208454 175.432268697 13.80381|94.28538 -221.8572 92.42107 -221.8572 819.8419 -413.1861 92.42107 -413.1861 473.3278|
|165|0.001539954|170.835039908 313.329996191 -39.72968|92.28722 -2.119127 48.82343 -2.119127 10.94386 -30.76145 48.82343 -30.76145 8058.28|
|166|0.002032836|341.640001161 95.5468356758 -54.18576|208.364 -436.7733 89.35576 -436.7733 1205.104 -203.2492 89.35576 -203.2492 167.7883|
|167|0.000738149|421.553659383 39.5542823584 223.3107|319.7064 -179.3858 -34.16991 -179.3858 405.7406 -221.806 -34.16991 -221.806 340.2073|
|168|0.002473157|195.081851548 217.067870552 13.60228|517.5924 -198.8579 372.4362 -198.8579 138.4734 -180.7265 372.4362 -180.7265 587.8205|
|169|0.003437902|337.24998962 -85.1028054774 -86.77116|96.72285 -42.35865 149.2973 -42.35865 144.6393 -217.7662 149.2973 -217.7662 884.9949|
|170|0.00385607|280.066106224 284.64419872 -18.37098|510.9687 -53.78173 528.5981 -53.78173 151.2153 -219.7218 528.5981 -219.7218 1168.534|
|171|0.002095281|353.329153442 -146.568872614 229.6067|1547.257 239.276 -419.507 239.276 211.3801 19.09158 -419.507 19.09158 555.9907|
|172|0.003103629|145.635946543 -304.774407807 -247.0407|378.3354 -40.58378 188.1887 -40.58378 411.8726 -169.5109 188.1887 -169.5109 996.6455|
|173|0.003517473|294.483340754 -14.3929396383 -29.31273|47.05161 1.78239 77.98719 1.78239 528.8776 -92.04562 77.98719 -92.04562 549.1091|
|174|0.002530151|356.315583388 68.1018923789 -98.72986|139.7613 -345.2676 567.9885 -345.2676 1135.73 -1829.903 567.9885 -1829.903 3445.322|
|175|0.001838259|-21.3739332807 -261.13742418 -76.19863|154.9257 22.60188 -16.4158 22.60188 111.7836 12.2017 -16.4158 12.2017 442.1313|
|176|0.000953894|461.80783031 -194.116492843 -28.85908|235.5061 748.0457 328.3368 748.0457 2649.145 1118.873 328.3368 1118.873 758.8454|
|177|0.000834804|110.282974995 -274.961020725 -121.8655|191.3649 -27.16112 -40.83674 -27.16112 46.73697 -19.86666 -40.83674 -19.86666 466.7565|
|178|0.001763253|25.045627444 262.246413457 -76.13693|227.6996 132.0396 -247.5463 132.0396 210.0631 -270.9828 -247.5463 -270.9828 763.2047|
|179|0.000833207|465.143894415 53.0171036379 168.6362|120.9277 123.8388 -208.1741 123.8388 492.244 -814.6667 -208.1741 -814.6667 1762.788|
|180|0.002825955|369.708424005 137.953528568 180.0958|230.4399 178.4574 -139.5902 178.4574 996.9166 122.451 -139.5902 122.451 609.7696|
|181|0.002403827|88.8516652515 -219.546402806 -2.005549|118.3066 55.98582 55.39964 55.98582 166.588 -49.32174 55.39964 -49.32174 444.534|
|182|0.003283778|153.296576005 -240.501748026 -62.84433|113.7993 179.588 -119.5633 179.588 870.2964 -250.0108 -119.5633 -250.0108 519.7269|
|183|0.001127577|348.894855061 -238.850309378 10.09199|102.1534 121.0069 90.80943 121.0069 276.2162 38.73951 90.80943 38.73951 1280.949|
|184|0.002963916|391.387857492 199.73326862 -209.7448|497.6394 55.35793 67.49575 55.35793 738.8314 1042.265 67.49575 1042.265 1979.491|
|185|0.000625431|189.730686833 291.853354494 152.2658|250.9892 153.2834 1035.485 153.2834 181.0266 707.9217 1035.485 707.9217 5226.69|
|186|0.001005619|293.161517719 71.3924202653 -126.8821|184.9362 -156.112 161.1057 -156.112 185.3707 -212.2424 161.1057 -212.2424 496.9334|
|187|0.002241468|204.753359158 -189.308177084 39.59083|71.15613 -12.40645 -75.19043 -12.40645 184.009 25.92135 -75.19043 25.92135 367.5991|
|188|0.002355265|280.505045397 165.856653973 -228.5745|168.4209 43.37298 -0.07094869 43.37298 477.1577 -506.4172 -0.0709486899999 -506.4172 1921.694|
|189|0.001508718|335.375431183 -184.481526933 126.0499|302.0569 111.4974 -328.7556 111.4974 253.7712 -246.8981 -328.7556 -246.8981 726.2125|
|190|0.002526169|250.788439322 162.358358988 -12.97295|80.74821 -70.08522 -67.49533 -70.08522 131.4157 64.24239 -67.49533 64.24239 833.0698|
|191|0.001086578|290.273253056 -105.727245642 81.73861|112.8137 -127.3704 -66.08887 -127.3704 251.3837 110.059 -66.08887 110.059 193.0435|
|192|0.003485812|275.186313868 -68.4108493157 -114.0261|155.0729 43.65989 -11.73 43.65989 87.64947 22.12562 -11.73 22.12562 770.2418|
|193|0.003341816|297.634055597 -118.261813967 -7.738017|78.79251 40.72135 -350.5085 40.72135 192.8263 -1348.275 -350.5085 -1348.275 12467.17|
|194|0.002555802|274.83762428 74.4292385299 -75.92976|87.83526 -56.69461 137.3241 -56.69461 100.1944 -266.423 137.3241 -266.423 1334.675|
|195|0.00244874|93.6521114185 319.605041116 -92.6112|405.4744 19.5574 334.6483 19.5574 22.72642 -4.476128 334.6483 -4.476128 1273.764|
|196|0.002121266|331.567088531 -62.8601728777 117.8346|144.1641 -17.35054 -17.84209 -17.35054 108.4023 6.028612 -17.84209 6.028612 272.4147|
|197|0.001312435|117.717951184 -341.893073506 189.453|759.455 -8.215816 439.1313 -8.215816 19.45407 15.19315 439.1313 15.19315 1625.48|
|198|0.00304642|293.111993624 21.8534895292 0.9279745|67.75709 -85.2991 29.01708 -85.2991 397.3025 -273.4684 29.01708 -273.4684 492.6258|
|199|0.00229131|397.751465651 208.709267525 -44.12218|484.6747 -399.7082 -141.5369 -399.7082 403.6594 41.83142 -141.5369 41.83142 3250.797|
|200|0.002338275|454.459678371 -0.996015320566 -32.15669|71.43427 63.71659 215.813 63.71659 1611.423 1111.973 215.813 1111.973 1815.518|
|201|0.002395549|224.069584654 -202.4178094 21.80064|127.8293 66.29356 -102.9924 66.29356 97.409 -66.22337 -102.9924 -66.22337 391.9575|
|202|0.00082959|454.325551293 -25.8777604286 -88.67635|81.22656 -296.3294 -9.635401 -296.3294 2368.101 581.8749 -9.635401 581.8749 519.6674|
|203|0.001304142|409.504435425 112.062954841 -221.7217|1071.445 -1014.17 781.0074 -1014.17 1137.586 -617.5546 781.0074 -617.5546 985.1119|
|204|0.00315776|198.016306998 227.335887374 -19.12943|579.4318 -515.9384 -537.62 -515.9384 587.4026 607.1292 -537.62 607.1292 929.8207|
|205|0.001912161|32.3442658039 -258.351258441 34.37683|190.0109 -1.281767 63.3684 -1.281767 106.3387 -62.96547 63.3684 -62.96547 434.3012|
|206|0.000721764|379.631500337 -279.795891613 109.3893|244.8198 -43.73377 13.38652 -43.73377 240.2477 -600.3276 13.38652 -600.3276 2256.575|
|207|0.001910495|98.7682725358 278.024349548 -102.895|244.5488 25.88685 -141.6122 25.88685 129.3753 84.06653 -141.6122 84.06653 527.7392|
|208|0.002601166|301.286023691 -172.348142324 -123.7384|190.6785 134.4247 -144.8056 134.4247 209.4344 -365.011 -144.8056 -365.011 1108.762|
|209|0.00314399|224.199439316 290.225376084 -124.5585|425.2711 158.8645 482.5933 158.8645 159.2329 199.0199 482.5933 199.0199 1108.719|
|210|0.000961632|106.520512668 -326.088384935 228.5862|410.6392 50.86758 363.6187 50.86758 120.0308 22.14567 363.6187 22.14567 1046.35|
|211|0.001627921|203.038434946 -271.437315143 48.38546|222.9935 182.5454 225.8071 182.5454 266.6135 326.2675 225.8071 326.2675 642.4085|
|212|0.002350204|427.461849898 155.874412196 -72.25617|101.4334 -217.0389 -79.52418 -217.0389 1041.948 72.67298 -79.52418 72.67298 2174.634|
|213|0.001417196|508.033206361 177.487492238 89.96185|181.9301 -52.84442 -31.87134 -52.84442 107.2999 4.278935 -31.87134 4.278935 845.7646|
|214|0.001544466|272.030101088 128.924111287 82.13112|268.9354 -21.03315 -72.06382 -21.03315 53.28707 13.95809 -72.06382 13.95809 240.1855|
|215|0.002123593|330.431498017 79.9697090935 182.3546|984.8707 185.8934 835.3941 185.8934 174.6022 206.6113 835.3941 206.6113 1458.345|
|216|0.001179052|359.835077611 227.570525761 0.9164367|308.1355 -250.2404 -125.4368 -250.2404 257.7867 106.1988 -125.4368 106.1988 677.3996|
|217|0.00258164|238.326555811 152.800173601 -6.873729|245.1349 -109.5872 599.8252 -109.5872 169.3785 -273.5213 599.8252 -273.5213 1737.252|
|218|0.0019168|376.730407854 44.4215385135 -115.4753|184.8914 -11.89328 66.43767 -11.89328 77.14938 -31.15357 66.43767 -31.15357 308.298|
|219|0.001555846|268.338444396 -138.507260083 -112.4713|42.01649 -154.41 -14.34271 -154.41 1538.422 -82.13103 -14.34271 -82.13103 159.9436|
|220|0.002674992|252.165959192 -130.990289427 67.93312|94.11932 -51.39255 105.2626 -51.39255 174.1188 -23.16398 105.2626 -23.16398 523.9041|
|221|0.003917371|394.172470095 130.799518016 175.001|376.1827 302.8331 -639.3273 302.8331 489.4793 -395.9716 -639.3273 -395.9716 2775.811|
|222|0.002711082|262.726386464 -161.764640534 74.46069|289.653 -101.1356 118.9397 -101.1356 95.98068 -81.31856 118.9397 -81.31856 467.2037|
|223|0.001207429|-41.5650084827 -325.592533923 66.04712|193.3307 -1.76639 196.8283 -1.76639 24.55223 17.86568 196.8283 17.86568 1088.939|
|224|0.001797266|397.720811609 173.019496961 227.3815|451.8333 -3.021611 -33.19671 -3.021611 381.6206 -125.3617 -33.19671 -125.3617 410.2649|
|225|0.001063022|354.321692945 182.946721119 -112.8907|130.8067 -117.9317 333.8958 -117.9317 242.5909 -528.2613 333.8958 -528.2613 1762.915|
|226|0.003311642|255.078251351 161.709009249 -123.6855|143.3476 23.75391 -61.60244 23.75391 114.4907 -227.9739 -61.60244 -227.9739 1833.574|
|227|0.001841602|403.89298812 163.225229193 -207.7894|147.2962 -38.28289 106.4632 -38.28289 427.0864 570.9266 106.4632 570.9266 1903.029|
|228|0.001300889|309.870257735 -41.9582856603 59.57478|96.66111 -13.55076 45.91712 -13.55076 135.2401 -9.189253 45.91712 -9.189253 128.558|
|229|0.001817854|122.675189923 300.225382211 20.97378|297.6425 -118.8574 1863.497 -118.8574 122.4442 -1076.014 1863.497 -1076.014 15057.18|
|230|0.002043377|266.371808634 -330.546878709 -33.49509|472.1548 269.4526 -306.3361 269.4526 205.5788 -135.8395 -306.3361 -135.8395 1674.981|
|231|0.001132454|454.893243602 104.385484816 61.85683|190.0988 -382.5191 -119.3256 -382.5191 1830.754 -16.29063 -119.3256 -16.29063 326.442|
|232|0.001558886|302.486315257 43.1560935812 -10.74891|44.09072 -55.04327 -48.84287 -55.04327 409.7628 533.9273 -48.84287 533.9273 951.8177|
|233|0.00255488|297.566039095 -330.171083113 162.7482|828.78 310.0349 517.2691 310.0349 260.6455 370.5179 517.2691 370.5179 1298.042|
|234|0.002526216|305.236184047 2.00673686204 -63.53599|66.53426 -100.9301 40.60775 -100.9301 370.5241 -177.6463 40.60775 -177.6463 291.9209|
|235|0.002871115|35.4952317845 287.058091308 -47.73563|247.5278 -150.9754 -33.7421 -150.9754 236.9037 65.9018 -33.7421 65.9018 523.7071|
|236|0.003626728|150.427490516 -236.978136359 -128.0342|244.6597 -30.31359 -216.3692 -30.31359 85.03136 111.1284 -216.3692 111.1284 1859.676|
|237|0.004056482|304.484453784 -101.601082835 -70.1434|194.2774 252.271 -805.1264 252.271 502.1441 -1317.53 -805.1264 -1317.53 4399.074|
|238|0.001871762|462.23097056 186.60973901 118.6313|3422.959 -1658.62 -453.187 -1658.62 865.946 155.4549 -453.187 155.4549 834.2642|
|239|0.000955322|82.4290924034 -258.445409791 -93.60515|122.4687 33.49811 -290.9862 33.49811 49.37102 -24.92213 -290.9862 -24.92213 1345.436|
|240|0.00257987|10.7679941068 -280.155446601 54.02413|107.3454 13.69407 -14.39578 13.69407 132.3365 60.46412 -14.39578 60.46412 418.0822|
|241|0.001125689|16.230445672 -300.085453179 24.39032|571.0844 12.23843 -317.8788 12.23843 42.68557 -16.22197 -317.8788 -16.22197 364.9613|
|242|0.000787886|459.719424653 -173.03356642 -74.52336|107.193 152.9103 84.859 152.9103 376.2908 -276.0103 84.859 -276.0103 2106.884|
|243|0.004036209|369.106828015 2.77146759561 -18.77228|63.5241 4.984143 -53.41899 4.984143 267.9639 -567.3477 -53.41899 -567.3477 2108.893|
|244|0.000881706|251.745051368 -282.423917585 92.84067|145.1309 -124.0295 -159.025 -124.0295 237.4241 194.6371 -159.025 194.6371 379.574|
|245|0.003636314|289.331568225 -59.9802992842 -1.848505|39.14029 33.00167 -16.20054 33.00167 157.7505 34.28759 -16.20054 34.28759 644.2876|
|246|0.00258731|310.212578181 -165.289317226 28.07661|257.0141 74.624 -615.8395 74.624 70.60327 -204.008 -615.8395 -204.008 2278.865|
|247|0.001417029|336.816580201 177.854970413 -67.47834|370.7421 -68.56042 -1163.97 -68.56042 50.29364 247.538 -1163.97 247.538 5216.571|
|248|0.002236477|420.343386934 199.457032374 180.0989|333.1753 -117.555 -137.6329 -117.555 210.9381 -47.8699 -137.6329 -47.8699 1067.801|
|249|0.003306328|301.078678714 72.06445794 73.855|214.3411 86.73009 103.0658 86.73009 110.1969 3.894066 103.0658 3.894066 501.1777|
|250|0.002691813|284.220008196 163.388728729 -118.682|107.52 -13.94217 1.066686 -13.94217 190.4097 -320.5834 1.066686 -320.5834 1444.967|
|251|0.002030944|233.843448436 270.063919426 -125.088|116.0188 -9.34521 111.7171 -9.34521 99.61273 42.17147 111.7171 42.17147 1048.131|
|252|0.000290728|480.460418784 83.6674981701 66.67348|395.5017 -23.26282 -318.8815 -23.26282 179.0668 -116.1891 -318.8815 -116.1891 472.135|
|253|0.000428175|317.883920261 147.453020907 22.00163|46.86564 -38.51549 7.098802 -38.51549 518.881 166.3508 7.098802 166.3508 123.9458|
|254|0.001302557|282.610750054 -226.039581403 -38.22359|174.9959 325.4413 -401.2214 325.4413 764.67 -877.7556 -401.2214 -877.7556 1222.281|
|255|0.001371348|292.618311813 251.506764958 80.04455|346.9459 148.7169 -155.5584 148.7169 142.6351 -139.9983 -155.5584 -139.9983 440.9032|
|256|0.001253041|304.411355609 -291.87828518 -16.91736|428.1415 357.8441 -549.9014 357.8441 556.1298 -643.8249 -549.9014 -643.8249 1062.918|
|257|0.000779247|444.016745536 207.581243762 -154.4677|113.1533 -151.535 -98.42795 -151.535 409.5729 242.5015 -98.42795 242.5015 733.4795|
|258|0.000839689|408.357685755 -118.62823053 170.9675|194.0724 170.0397 -259.1421 170.0397 403.5188 -104.5401 -259.1421 -104.5401 753.9531|
|259|0.000991763|435.420215282 -164.744629792 -239.5643|242.1092 19.85524 454.1245 19.85524 344.5137 -201.8024 454.1245 -201.8024 1372.021|
|260|0.001918867|434.18624902 212.400039879 -69.14548|263.6529 -312.9851 289.549 -312.9851 682.8874 -403.2017 289.549 -403.2017 1086.072|
|261|0.00180821|251.542272716 244.32717543 94.381|324.2227 -142.0358 63.99804 -142.0358 174.6683 -100.2215 63.99804 -100.2215 332.7688|
|262|0.002116431|269.662465758 -67.5523596205 40.68119|62.87133 57.59766 -37.707 57.59766 125.1584 -111.0891 -37.707 -111.0891 476.2054|
|263|0.002687426|290.50622006 70.9492791337 -44.43354|51.7487 -59.89145 9.52285 -59.89145 175.4158 70.47247 9.52285 70.47247 736.2177|
|264|0.002337873|182.451906182 -289.311372415 117.8268|105.3119 23.97005 0.7881511 23.97005 258.2784 92.87174 0.7881511 92.87174 331.7946|
|265|0.001228327|347.827436858 -103.735339358 33.63558|148.4376 41.64873 91.42697 41.64873 92.33846 23.82053 91.42697 23.82053 180.3749|
|266|0.004006223|78.7231792665 297.257130505 -103.729|140.353 -36.8705 375.8023 -36.8705 183.3057 -694.2218 375.8023 -694.2218 5003.708|
|267|0.0036107|108.287478854 -339.818451642 -66.72921|201.9465 7.083319 60.87982 7.083319 19.61224 -61.10779 60.87982 -61.10779 6081.623|
|268|0.003602541|300.172629854 -174.235215966 -19.53453|75.99353 65.25328 51.36266 65.25328 254.3037 327.8017 51.36266 327.8017 820.9016|
|269|0.0004166|463.651920237 -89.3105954678 -78.39066|51.62858 33.53495 -124.0082 33.53495 335.8573 -309.8127 -124.0082 -309.8127 727.8699|
|270|0.003628286|281.621481983 -340.240924591 18.75623|478.995 114.4821 401.515 114.4821 108.3609 265.855 401.515 265.855 3786.07|
|271|0.001506547|390.726690623 -197.793194323 -238.6792|357.654 208.9905 -62.14005 208.9905 557.0906 -627.7413 -62.14005 -627.7413 1193.574|
|272|0.002941008|157.78142437 -250.701459139 84.14406|475.5354 -47.286 264.1413 -47.286 73.60139 -41.02768 264.1413 -41.02768 524.381|
|273|0.002070597|448.592382685 68.4459370234 28.37484|108.5298 -310.5874 90.3632 -310.5874 2559.24 -519.1457 90.3632 -519.1457 522.2037|
|274|0.002355241|139.289362677 -256.471437406 -98.64623|227.7583 24.51828 93.17841 24.51828 186.5459 -143.7111 93.17841 -143.7111 483.2668|
|275|0.002912836|257.850164623 -130.800020413 -116.2071|38.25801 -34.47025 -45.87978 -34.47025 649.9406 -95.95462 -45.87978 -95.95462 448.7532|
|276|0.00277335|371.431121694 135.200842491 48.16056|118.4897 -54.48273 25.68768 -54.48273 170.2909 -135.7236 25.68768 -135.7236 744.1561|
|277|0.002131211|449.927710235 -19.929601901 155.5742|153.0002 108.1289 -22.31828 108.1289 544.1614 458.702 -22.31828 458.702 1264.26|
|278|0.000478869|410.955405529 235.300446485 50.15145|589.4413 -415.479 -12.88974 -415.479 331.4067 -27.16514 -12.88974 -27.16514 358.6861|
|279|0.001294406|434.48734307 -189.477884953 -178.4614|427.871 395.589 230.4392 395.589 491.9546 107.2048 230.4392 107.2048 828.3127|
|280|0.001637672|132.105084855 242.666979366 84.66274|189.8954 21.54607 221.9193 21.54607 63.70667 98.9028 221.9193 98.9028 1079.043|
|281|0.003218006|345.380812718 11.5336145726 85.51033|141.7129 -244.4211 -93.68921 -244.4211 945.1805 169.9308 -93.68921 169.9308 221.3994|
|282|0.002065577|330.948588448 -111.307313296 -75.27065|898.8089 150.357 1012.059 150.357 73.59673 132.0684 1012.059 132.0684 1386.14|
|283|0.000833215|133.42885239 -309.480877334 19.12955|655.4952 48.88046 54.76628 48.88046 54.68225 -33.37982 54.76628 -33.37982 193.7122|
|284|0.001069626|443.423604621 -56.7863421247 -42.82697|70.65944 213.5419 506.2437 213.5419 1407.547 3404.477 506.2437 3404.477 9521.406|
|285|0.003398036|335.923277122 160.264305788 -207.9722|805.2905 317.3423 281.7483 317.3423 525.7814 545.9185 281.7483 545.9185 1075.286|
|286|0.003127228|161.713641975 -234.0422498 -6.839754|232.7285 79.97227 -208.9336 79.97227 177.8509 -460.3629 -208.9336 -460.3629 1625.406|
|287|0.003938556|82.7898307454 -330.777487566 -75.56287|368.4519 35.37999 386.1423 35.37999 36.74514 14.30079 386.1423 14.30079 1791.242|
|288|0.002833715|266.210568184 236.864826438 5.44235|467.3475 -281.2945 607.2748 -281.2945 244.9669 -445.6039 607.2748 -445.6039 1193.937|
|289|0.002378515|336.712556173 97.7768770167 41.04982|88.72398 95.4262 -238.4708 95.4262 258.2347 -550.7565 -238.4708 -550.7565 1697.674|
|290|0.002970032|177.449847085 -281.12666553 -228.0556|390.993 -205.874 -255.4098 -205.874 352.2018 -115.8978 -255.4098 -115.8978 1721.961|
|291|0.002694038|433.07436073 152.104521041 -205.3511|134.537 -39.82126 219.3454 -39.82126 670.6142 -198.5531 219.3454 -198.5531 1237.159|
|292|0.001419495|308.633027194 -0.170670477047 -25.61416|36.15107 -6.298028 -3.800275 -6.298028 2172.872 1819.27 -3.800275 1819.27 1611.482|
|293|0.002641363|353.006310324 -2.98355113499 -23.64653|51.23835 -78.51806 78.26833 -78.51806 1030.945 -1232.61 78.26833 -1232.61 1627.319|
|294|0.004134792|220.564105671 -194.748616687 -14.60044|186.2999 240.9137 10.16315 240.9137 548.8901 203.3566 10.16315 203.3566 524.8989|
|295|0.000995954|355.392184586 -288.592554244 -51.16843|334.6803 485.2507 -316.7114 485.2507 934.2005 -1211.515 -316.7114 -1211.515 3272.69|
|296|0.000852859|419.214152497 -281.415979258 39.7986|329.4933 277.4605 -277.1693 277.4605 649.0554 -269.1933 -277.1693 -269.1933 447.325|
|297|0.00257147|337.838903782 -79.4332488845 21.46198|28.69024 -28.85914 10.27639 -28.85914 148.62 80.8493 10.27639 80.8493 1055.781|
|298|0.002176362|243.651262836 -137.377597848 -70.72819|28.15191 10.82714 -86.71978 10.82714 174.5173 -326.3036 -86.71978 -326.3036 1366.552|
|299|0.001350934|342.522650272 288.84685244 -34.5406|299.0472 -60.48721 -78.78037 -60.48721 48.28027 -34.97847 -78.78037 -34.97847 1579.211|
|300|0.002956727|290.005861019 125.103421351 -23.1466|507.6777 -284.9944 1321.891 -284.9944 206.5688 -805.9749 1321.891 -805.9749 4169.682|
|301|0.003994591|274.008495314 85.1953721631 -59.48105|109.6505 -52.91651 198.8634 -52.91651 97.74791 -201.6057 198.8634 -201.6057 995.9139|
|302|0.003753454|63.2278817443 287.342343243 -71.1309|88.19569 -42.19006 182.6286 -42.19006 282.3324 -418.8555 182.6286 -418.8555 2102.675|
|303|0.000421383|410.090777774 76.3570736229 -28.17466|58.32582 -91.27943 151.9699 -91.27943 204.6531 -315.5759 151.9699 -315.5759 1015.966|
|304|0.002531775|258.187546857 -239.415903045 -40.74065|852.3647 917.7961 -1475.19 917.7961 1086.104 -1654.088 -1475.19 -1654.088 2799.017|
|305|0.003365436|428.505391259 -67.317146473 -15.58496|43.07779 79.04488 -90.62485 79.04488 879.5286 -428.7741 -90.62485 -428.7741 2083.27|
|306|0.002160933|386.88183434 204.922039873 156.0439|321.3452 -279.1693 -82.29578 -279.1693 584.7385 -265.0977 -82.29578 -265.0977 853.7582|
|307|0.003346233|362.165802303 -259.835585351 -66.30397|493.0814 824.7675 -1320.871 824.7675 1745.378 -3035.752 -1320.871 -3035.752 6314.612|
|308|0.001923676|87.05797065 -279.505625163 -7.001587|333.7965 -182.8069 -36.28561 -182.8069 198.0762 -115.1838 -36.28561 -115.1838 480.3961|
|309|0.000856931|390.202184201 269.370004085 -106.0957|467.7147 -19.67319 -85.03504 -19.67319 129.8775 44.3417 -85.03504 44.3417 439.321|
|310|0.000991984|257.926669911 -131.611187573 -15.85863|578.5312 166.9478 -270.6998 166.9478 75.96731 -92.80246 -270.6998 -92.80246 236.9716|
|311|0.002726098|89.4963097319 -283.174922324 97.30804|159.2831 -112.31 215.7821 -112.31 203.7947 -436.0184 215.7821 -436.0184 3811.181|
|312|0.001340721|445.224950245 203.538731548 4.964707|112.0962 -317.7129 22.89971 -317.7129 1585.054 -318.7958 22.89971 -318.7958 520.7902|
|313|0.003842257|347.841304939 -74.0751388748 19.96371|37.94937 -47.96505 -21.26269 -47.96505 251.458 250.4413 -21.26269 250.4413 1450.545|
|314|0.003376451|295.773293496 183.790219824 115.6368|314.8954 0.3294095 -93.74232 0.3294095 95.0903 -35.02487 -93.74232 -35.02487 369.19|
|315|0.001513715|165.037478677 299.609300449 196.2008|239.299 -36.58512 -82.51636 -36.58512 106.8855 66.35995 -82.51636 66.35995 1924.617|
|316|0.003318278|241.899461962 157.374786332 -74.24826|440.5836 -487.0025 -609.8771 -487.0025 685.1559 909.0839 -609.8771 909.0839 1656.196|
|317|0.001512514|410.574383601 219.593253015 -117.8041|318.7646 -227.0308 -387.43 -227.0308 362.2269 389.2621 -387.43 389.2621 1670.624|
|318|0.003709769|291.826840817 2.83192445475 -93.84459|121.5723 -13.32928 134.6972 -13.32928 78.14801 -85.48336 134.6972 -85.48336 577.3535|
|319|0.002890854|362.510586117 -178.649968942 -7.833875|123.1115 -26.61106 -14.06936 -26.61106 183.8346 -177.9501 -14.06936 -177.9501 650.2338|
|320|0.002372014|213.656602421 215.674344057 -72.37654|151.8139 -39.64536 66.50666 -39.64536 71.99153 1.157576 66.50666 1.157576 386.1205|
|321|0.003629002|282.382334323 -151.433919055 84.3002|317.3749 -40.37946 -391.5878 -40.37946 92.47598 118.1705 -391.5878 118.1705 1273.079|
|322|0.003434699|113.215655913 294.009622241 -31.05269|589.1769 -207.214 1136.463 -207.214 129.8004 -461.5613 1136.463 -461.5613 2936.518|
|323|0.002615832|252.808112741 -152.697070833 -53.24252|53.8878 100.4083 -106.6861 100.4083 414.8156 -535.9818 -106.6861 -535.9818 1100.14|
|324|0.00213184|-50.3450005072 -306.478913664 84.09768|57.84831 -4.043726 -34.99031 -4.043726 182.6386 -212.4601 -34.99031 -212.4601 1067.718|
|325|0.002090203|313.13982674 -320.39194329 -41.81384|343.7357 289.5345 361.9779 289.5345 388.2 212.1848 361.9779 212.1848 1443.543|
|326|0.00197996|446.976235522 86.7429737921 -70.5575|207.1836 -316.7282 636.2057 -316.7282 919.7012 -573.5882 636.2057 -573.5882 2997.083|
|327|0.003455416|280.83322206 76.646292827 26.85805|91.16088 41.47298 -11.54449 41.47298 382.5705 168.4819 -11.54449 168.4819 404.0184|
|328|0.000741126|373.473119533 271.754592047 21.07802|303.6737 -196.2889 -1046.573 -196.2889 166.2389 676.4183 -1046.573 676.4183 4788.291|
|329|0.001873103|365.002564894 -155.579502673 178.5586|1503.311 677.4623 -41.07481 677.4623 483.1906 124.555 -41.07481 124.555 395.9509|
|330|0.003336669|95.2529299273 -316.059865674 64.772|286.4149 -3.119722 -211.4265 -3.119722 130.1054 -76.98174 -211.4265 -76.98174 649.0688|
|331|0.000919572|306.063578671 -110.393805197 1.486805|111.0802 -79.89161 170.1127 -79.89161 110.3515 -206.3234 170.1127 -206.3234 538.2839|
|332|0.003215947|365.581241846 -115.642283365 -190.6506|1465.109 -530.8732 188.9831 -530.8732 442.3965 -6.838733 188.9831 -6.838733 493.9583|
|333|0.00032172|199.809773781 306.800128805 178.9411|1294.482 41.217 1281.236 41.217 18.91232 57.8247 1281.236 57.8247 1797.305|
|334|0.002194562|202.157383714 214.725125313 50.17517|101.3244 17.46563 -38.54279 17.46563 132.0896 -203.3341 -38.54279 -203.3341 584.5486|
|335|0.003939066|140.695013283 248.427089617 -60.89983|183.4845 -8.481502 227.2947 -8.481502 68.77682 -42.14287 227.2947 -42.14287 1112.898|
|336|0.001932793|347.685655257 125.318849857 238.7365|453.8897 374.7057 -157.9605 374.7057 667.9829 -78.42169 -157.9605 -78.42169 865.151|
|337|0.002668823|337.485257352 92.5439254196 -82.52017|83.67989 101.6557 74.76754 101.6557 370.9262 226.2518 74.76754 226.2518 364.2552|
|338|0.000579239|457.043829133 -199.363138079 129.6424|374.8961 -193.4202 -694.0057 -193.4202 149.584 366.3846 -694.0057 366.3846 1872.641|
|339|0.000612002|395.773820199 -180.474809849 -135.3852|392.72 608.1841 508.0995 608.1841 1020.691 608.2258 508.0995 608.2258 2065.715|
|340|0.001473445|287.703014943 -108.200023414 -39.8782|100.3129 195.1564 -521.0033 195.1564 498.6421 -1206.832 -521.0033 -1206.832 3400.365|
|341|0.000482509|427.785297795 92.2665732162 -116.1465|113.5236 -51.33152 460.9464 -51.33152 299.0501 174.6721 460.9464 174.6721 2794.531|
|342|0.000859794|460.01114401 -164.292685198 32.75173|1148.106 2158.132 -439.718 2158.132 4238.874 -790.2372 -439.718 -790.2372 304.5924|
|343|0.001296894|126.327515686 267.639704303 52.06526|118.9424 16.71656 -94.60858 16.71656 164.2197 -133.8945 -94.60858 -133.8945 568.1514|
|344|0.004058128|294.523473678 120.91976665 -18.94949|70.59557 3.5206 -6.166578 3.5206 458.8575 -925.3272 -6.166578 -925.3272 2319.152|
|345|0.00328813|356.173057367 263.091546581 -11.67668|192.3956 -76.28183 -384.1656 -76.28183 175.2309 185.0856 -384.1656 185.0856 3111.763|
|346|0.003379663|310.525270763 94.9095163335 78.34818|262.0494 108.7327 -402.3434 108.7327 134.349 -241.5292 -402.3434 -241.5292 1545.629|
|347|0.002216815|172.690741432 208.649908725 49.67967|245.9118 -34.58265 208.6219 -34.58265 84.58394 -81.0696 208.6219 -81.0696 506.705|
|348|0.000815065|424.984744002 -2.00949390987 -11.22335|119.8415 -174.7548 182.6413 -174.7548 1347.783 -1362.042 182.6413 -1362.042 1510.989|
|349|0.000738387|425.129892057 54.6855570337 31.19264|287.8768 -505.1645 194.8268 -505.1645 1016.119 -442.6162 194.8268 -442.6162 525.4282|
|350|0.001530395|241.948827511 -251.641374415 90.30672|122.3542 45.31036 -51.96129 45.31036 157.799 26.67676 -51.96129 26.67676 307.4568|
|351|0.002936011|453.472838776 -281.175320881 93.79071|191.2462 124.9393 66.40089 124.9393 379.9651 -178.7803 66.40089 -178.7803 1972.896|
|352|0.00388416|295.5834857 -119.258514162 -6.950131|64.14777 -44.35853 96.09795 -44.35853 717.5707 -1401.851 96.09795 -1401.851 3198.21|
|353|0.003758669|246.777393388 -264.006699448 7.62389|427.0449 370.0395 -847.73 370.0395 418.7089 -797.5093 -847.73 -797.5093 2255.128|
|354|0.001450952|108.740703587 282.80755532 75.39932|311.3977 126.6727 -64.47413 126.6727 124.3142 -28.005 -64.47413 -28.005 382.9712|
|355|0.003178896|189.308917496 -199.171300816 -84.85304|267.565 -33.14715 -20.72111 -33.14715 78.71977 -24.31143 -20.72111 -24.31143 409.9103|
|356|0.003468866|352.597097392 0.365277529267 0.08754887|63.55214 -168.3449 244.5507 -168.3449 1408.735 -1746.797 244.5507 -1746.797 2376.481|
|357|0.004038916|253.316943954 -134.698478193 -47.97873|53.24581 -20.96903 46.40638 -20.96903 176.7553 -295.4464 46.40638 -295.4464 854.6933|
|358|0.0019129|316.255472286 193.872908684 76.33658|230.0904 -62.17107 -224.0031 -62.17107 61.66785 72.17761 -224.0031 72.17761 624.1544|
|359|0.003066198|297.177661833 183.556541274 12.0546|252.7818 -80.75002 -386.4552 -80.75002 71.0088 47.71417 -386.4552 47.71417 1557.727|
|360|0.001876533|417.058751792 209.147463523 -20.53394|148.9419 -76.82001 163.1042 -76.82001 280.876 -303.2222 163.1042 -303.2222 1264.947|
|361|0.001068519|452.821801713 -135.881869515 -40.31021|89.34114 -45.03263 -4.433294 -45.03263 358.5265 -574.3322 -4.433294 -574.3322 1976.226|
|362|0.003780771|77.7625589163 -274.066860437 -70.9341|469.603 240.6434 -828.005 240.6434 208.7772 -410.4419 -828.005 -410.4419 1994.574|
|363|0.002171881|276.555535494 -256.188414052 -6.447631|999.6594 155.6953 -1633.781 155.6953 85.18811 -356.8883 -1633.781 -356.8883 3221.384|
|364|0.001842528|354.000800727 -23.358872755 101.4772|96.13811 -107.9309 -41.67305 -107.9309 787.1025 -71.17249 -41.67305 -71.17249 153.9122|
|365|0.002172539|119.896303453 -267.351183243 68.60711|161.7384 89.17183 166.4841 89.17183 266.6785 181.2765 166.4841 181.2765 500.1552|
|366|0.001768131|449.534964952 -158.180247482 -114.4888|952.2593 1258.981 1072.75 1258.981 1847.011 1290.871 1072.75 1290.871 1829.338|
|367|0.003999235|266.55775158 271.70293814 -48.26138|220.9028 -93.58729 510.818 -93.58729 224.7366 -432.0638 510.818 -432.0638 2120.808|
|368|0.003514442|392.150406974 15.0922106866 -54.81848|102.6468 50.11929 42.88799 50.11929 228.7792 -167.6635 42.88799 -167.6635 528.6328|
|369|0.001861684|429.945703116 178.662256129 98.37479|176.5564 7.720313 -127.8725 7.720313 145.5563 -463.7493 -127.8725 -463.7493 5046.898|
|370|0.000730687|-59.0293941901 -283.592687772 -82.10658|1.466671 0.09245949 0.7476654 0.09245949 351.8873 476.9144 0.7476654 476.9144 4595.619|
|371|0.001340949|1.76932733164 -300.159658033 -71.45334|527.593 88.59808 -299.6237 88.59808 55.97525 -87.84409 -299.6237 -87.84409 439.2654|
|372|0.002070513|278.439595504 5.99937738086 49.2753|103.7438 -49.82384 -35.82825 -49.82384 79.24533 -58.21143 -35.82825 -58.21143 398.3379|
|373|0.002973665|307.416385675 -168.822279106 -59.04468|161.1431 143.4426 41.39784 143.4426 236.8267 29.82041 41.39784 29.82041 197.6939|
|374|0.002255229|416.93929543 144.061570367 -67.65803|57.80851 -112.9772 163.3297 -112.9772 524.8549 111.8118 163.3297 111.8118 6122.713|
|375|0.001676377|373.817493741 -249.47676051 62.58725|520.1483 685.8956 118.7428 685.8956 1393.444 244.8421 118.7428 244.8421 343.2972|
|376|0.002875709|239.16161677 -278.83693507 70.98822|479.5764 -37.72189 -552.0804 -37.72189 104.5447 24.50967 -552.0804 24.50967 975.5176|
|377|0.001076575|450.194457637 -187.804340502 15.23451|64.46384 -62.25546 -75.84554 -62.25546 1743.478 845.3504 -75.84554 845.3504 782.1319|
|378|0.0019318|288.416707577 139.591937211 -21.71446|238.7298 -63.77655 478.2144 -63.77655 67.21553 -213.8512 478.2144 -213.8512 1399.767|
|379|0.001918586|443.339810843 -87.8978721598 -53.4492|97.28575 44.45479 -208.5005 44.45479 566.6722 297.4938 -208.5005 297.4938 2013.486|
|380|0.00281506|122.445706594 -294.845712062 -19.82607|224.4043 102.3606 -1291.978 102.3606 167.2822 -1023.179 -1291.978 -1023.179 10259.33|
|381|0.002166424|368.092319991 -232.616505655 -58.29024|323.7437 268.7471 -97.27044 268.7471 434.7092 -174.7407 -97.27044 -174.7407 599.0483|
|382|0.003556636|131.031559456 -284.828311465 -22.56929|589.2899 57.93111 -935.088 57.93111 72.49017 -186.7886 -935.088 -186.7886 2153.779|
|383|0.003411991|276.711565487 233.153162686 68.78618|167.1308 -38.9624 72.74276 -38.9624 209.3983 -192.3965 72.74276 -192.3965 618.895|
|384|0.002724988|285.428226724 14.5251276254 59.97135|107.7959 -30.59694 -38.67671 -30.59694 80.27917 -62.17131 -38.67671 -62.17131 334.9039|
|385|0.001450287|269.232746756 278.547060195 16.67217|228.5528 -11.73834 184.5882 -11.73834 82.94929 -94.51077 184.5882 -94.51077 436.7162|
|386|0.002173588|265.457101904 -224.050720768 -38.98044|884.7097 1048.157 -1788.828 1048.157 1322.078 -2268.579 -1788.828 -2268.579 4079.503|
|387|0.000749684|71.7055173419 -298.991868522 157.267|53.60106 -29.40707 94.45539 -29.40707 489.8838 -298.5651 94.45539 -298.5651 858.2662|
|388|0.001276694|322.53510457 -294.195437246 11.19279|313.5988 417.4773 210.1362 417.4773 683.126 196.2244 210.1362 196.2244 915.0067|
|389|0.003186114|354.968004475 112.857397562 -113.6551|99.17567 -1.84747 55.18983 -1.84747 136.2212 197.3013 55.18983 197.3013 761.3904|
|390|0.00126395|316.735434743 -101.468788266 -70.35851|77.46329 99.59696 -246.341 99.59696 243.0413 -421.0699 -246.341 -421.0699 1257.989|
|391|0.003076881|337.248926768 87.2182583876 -14.57299|116.6561 -120.7602 -185.3648 -120.7602 255.4886 292.6601 -185.3648 292.6601 621.9543|
|392|0.003442701|296.637796706 194.879111922 37.77515|297.139 -163.1779 -115.3712 -163.1779 147.9405 7.975425 -115.3712 7.975425 705.3781|
|393|0.001070523|434.59532279 -185.056378613 114.4017|127.0156 30.61954 -175.2962 30.61954 116.0995 317.7281 -175.2962 317.7281 3838.447|
|394|0.002218989|182.176482857 -293.679383717 -87.99733|56.16705 23.30996 -61.83968 23.30996 288.2123 -594.415 -61.83968 -594.415 1825.743|
|395|0.002331948|290.622255329 -67.6285773158 -67.06293|73.5743 250.0097 249.4429 250.0097 1519.15 1386.77 249.4429 1386.77 1464.133|
|396|0.00193305|275.290873718 1.82052036117 -86.49293|152.4145 174.6349 8.393115 174.6349 290.7384 -42.23299 8.393115 -42.23299 204.4624|
|397|0.000910784|426.549103859 81.7548633271 50.47183|154.2133 -153.6521 201.9557 -153.6521 380.5849 -268.5646 201.9557 -268.5646 743.0453|
|398|0.002201818|428.697556213 50.8235114863 -11.92551|198.249 -592.2144 79.25935 -592.2144 2244.944 -81.20143 79.25935 -81.20143 460.1671|
|399|0.000924831|424.851755047 -60.0921585497 140.9212|77.79047 -25.12511 -39.12309 -25.12511 293.6782 -52.13813 -39.12309 -52.13813 534.0367|
|400|0.000970793|114.300590708 -329.323164653 147.2582|234.3204 -74.3239 -10.51974 -74.3239 102.6706 119.0193 -10.51974 119.0193 758.7064|
|401|0.000747259|162.640220641 267.964480978 169.2013|286.3763 89.34289 124.9742 89.34289 141.7914 108.9975 124.9742 108.9975 385.1722|
|402|0.001567886|164.150915078 304.977487874 46.12281|167.3959 -47.40318 173.1809 -47.40318 50.07319 -85.39598 173.1809 -85.39598 923.4105|
|403|0.001531244|260.686414216 106.49158057 74.93093|90.92175 -71.51661 89.08598 -71.51661 257.5253 -211.5765 89.08598 -211.5765 405.2577|
|404|0.003291884|291.479254593 -67.7219167715 83.35829|243.5041 202.1517 -11.43559 202.1517 287.9579 -28.18446 -11.43559 -28.18446 185.31|
|405|0.003470417|353.981181184 -88.8007838824 95.83326|123.3348 -21.51506 -186.2261 -21.51506 121.06 64.67813 -186.2261 64.67813 611.8118|
|406|0.003933766|368.63611826 -130.642297383 -257.0405|901.4644 -2.899868 233.4157 -2.899868 447.2969 -76.79224 233.4157 -76.79224 705.9023|
|407|0.001869458|284.557419884 -264.835168626 -69.77894|257.4318 11.84216 13.20816 11.84216 172.0935 -351.5898 13.20816 -351.5898 925.5833|
|408|0.001804481|130.655882387 -292.93140947 10.56006|246.4144 24.53894 -1496.117 24.53894 88.60327 -381.5543 -1496.117 -381.5543 11065.21|
|409|0.002649108|401.802820884 218.613760656 20.88286|453.2673 -239.8552 619.8682 -239.8552 248.8499 -479.4872 619.8682 -479.4872 3352.62|
|410|0.001589898|65.9101576221 -290.308531548 18.71183|452.0087 -335.148 345.8058 -335.148 383.8818 -342.7717 345.8058 -342.7717 578.661|
|411|0.002076555|429.401916403 -134.081735524 154.6934|118.6544 -11.4098 -204.7193 -11.4098 609.4572 -316.4142 -204.7193 -316.4142 1592.124|
|412|0.001113634|148.853529158 -233.802358196 38.63|305.0343 11.39752 -9.62871 11.39752 30.45671 -40.38465 -9.62871 -40.38465 303.2865|
|413|0.001440706|454.89053621 -167.805971161 -19.63199|755.9131 972.5068 -35.10864 972.5068 1362.762 -85.70971 -35.10864 -85.70971 428.8177|
|414|0.003891175|352.435308666 -184.521829273 162.2251|630.4298 -51.14149 -840.6962 -51.14149 213.1493 193.3459 -840.6962 193.3459 2327.131|
|415|0.002512947|150.370288731 246.048605492 11.79497|162.4373 -155.5473 107.939 -155.5473 508.1074 -128.7047 107.939 -128.7047 508.9138|
|416|0.003831019|188.796921216 -296.882872842 45.1544|158.3967 118.4353 187.9278 118.4353 221.238 219.552 187.9278 219.552 1363.129|
|417|0.00099137|399.513245365 106.592784391 163.2248|298.8175 328.1355 -565.3828 328.1355 465.7053 -708.3436 -565.3828 -708.3436 1947.846|
|418|0.002809224|437.719545716 126.123186882 -32.11776|91.14368 -387.7139 -29.35423 -387.7139 3246.596 227.4457 -29.35423 227.4457 615.6502|
|419|0.002575368|268.377733264 -88.1804812479 58.77999|180.9794 167.3254 -10.95586 167.3254 343.8255 -190.1096 -10.95586 -190.1096 371.3018|
|420|0.003806581|387.965658928 0.548193241002 5.681426|188.9961 -142.0386 135.879 -142.0386 273.8119 -381.0433 135.879 -381.0433 904.301|
|421|0.001552707|389.403970259 -244.032393295 -20.36915|182.5353 298.0226 -13.66367 298.0226 847.9639 -640.8986 -13.66367 -640.8986 1726.95|
|422|0.003588992|390.790504464 -215.780219304 -16.30277|424.0185 540.1185 -349.6809 540.1185 923.3232 -410.9892 -349.6809 -410.9892 1227.999|
|423|0.003226523|405.838205339 -165.502307988 -219.9711|587.0749 176.1914 521.2148 176.1914 348.7873 -84.08656 521.2148 -84.08656 1417.51|
|424|0.001779335|81.2830971495 -277.221612928 -42.18692|162.6483 106.2024 -284.7323 106.2024 169.1445 -284.2485 -284.7323 -284.2485 848.2394|
|425|0.003389445|154.036552816 291.977456973 50.22038|359.7412 -112.995 523.0758 -112.995 113.2673 -205.8266 523.0758 -205.8266 1576.129|
|426|0.001203972|411.406029111 -215.1050213 21.64377|378.6625 193.2558 -193.438 193.2558 274.035 -154.0292 -193.438 -154.0292 421.6892|
|427|0.00185603|235.647014722 195.686737466 -34.54342|379.6509 -302.1773 -439.7526 -302.1773 328.097 332.8919 -439.7526 332.8919 784.0031|
|428|0.001635649|82.9804982642 -263.511181508 30.82799|210.4024 -122.9798 361.4397 -122.9798 224.015 -269.4366 361.4397 -269.4366 1064.585|
|429|0.001921287|241.426189911 142.463398376 36.01744|44.79861 -19.32966 37.12404 -19.32966 159.1409 -62.96596 37.12404 -62.96596 316.7426|
|430|0.001768725|139.958472282 254.989194573 39.21742|128.499 141.0023 168.8192 141.0023 520.9363 742.3564 168.8192 742.3564 1457.278|
|431|0.002477196|233.108204712 -70.5777673397 -34.46156|131.2254 62.63932 -64.76065 62.63932 118.7424 4.111916 -64.76065 4.111916 248.6003|
|432|0.002933222|405.40911469 -183.267468748 -64.19596|335.1787 409.1075 -165.4598 409.1075 592.9662 -90.71811 -165.4598 -90.71811 4086.093|
|433|0.002619763|436.664866975 -134.015865234 -7.106937|57.58926 -21.76492 -20.92888 -21.76492 808.3038 -113.5936 -20.92888 -113.5936 2023.024|
|434|0.001703313|243.227265619 -137.169401019 85.78332|64.3595 -51.00303 90.45514 -51.00303 199.1129 -71.44534 90.45514 -71.44534 424.1574|
|435|0.001397272|361.523591772 -38.3573714365 20.03606|38.79527 49.35175 13.46262 49.35175 275.9855 -173.3619 13.46262 -173.3619 515.8104|
|436|0.001769633|257.802875673 175.81480587 -113.1555|254.2239 110.4422 -93.63532 110.4422 97.50798 -63.9538 -93.63532 -63.9538 474.5676|
|437|0.001747246|222.402906756 -89.7409836477 15.18425|86.66873 -33.35027 54.56515 -33.35027 133.3423 -43.15926 54.56515 -43.15926 173.2387|
|438|0.002088764|435.367121928 143.224688632 30.72823|103.0811 -106.8401 -26.32572 -106.8401 792.2248 -313.1481 -26.32572 -313.1481 948.9973|
|439|0.002894194|-49.8684123436 -287.816072597 -97.67073|27.61292 7.202303 -70.17455 7.202303 386.1897 500.8646 -70.17455 500.8646 2538.409|
|440|0.002306077|68.2395996553 -281.292088758 55.48434|171.0728 -115.9606 169.2651 -115.9606 256.0764 -306.3999 169.2651 -306.3999 1068.225|
|441|0.003324794|160.873667696 254.542706386 76.98659|137.4305 80.36344 127.7131 80.36344 167.6875 111.4953 127.7131 111.4953 1109.901|
|442|0.003660001|421.214855745 -182.175354014 6.24922|221.1466 229.5619 -22.29978 229.5619 454.5173 422.2839 -22.29978 422.2839 4841.942|
|443|0.001965457|363.261192696 -254.347105997 -0.5926529|341.495 253.9228 238.3669 253.9228 701.3713 -185.131 238.3669 -185.131 820.4697|
|444|0.003434547|381.913760721 245.48615778 7.881099|277.2747 -186.7043 -328.0065 -186.7043 242.4379 64.97807 -328.0065 64.97807 3147.532|
|445|0.001608631|-46.9188610794 -282.28320232 -14.61038|49.04259 -18.69042 -131.7897 -18.69042 103.2271 71.22324 -131.7897 71.22324 1334.231|
|446|0.002643578|446.214400174 32.8143658611 -17.60728|70.69987 -355.3268 103.7559 -355.3268 4099.323 -338.0097 103.7559 -338.0097 694.2869|
|447|0.003522641|276.284921654 -265.365325545 -33.92099|231.0449 63.13187 -193.9646 63.13187 182.2728 -359.9386 -193.9646 -359.9386 1109.564|
|448|0.003214377|437.718999158 -92.2708837118 10.39633|69.4136 52.04738 -146.2369 52.04738 1178.626 455.9238 -146.2369 455.9238 1691.235|
|449|0.003362318|-10.3449470682 -287.803269927 -49.63092|347.9512 -0.8045594 -154.1962 -0.8045594 90.7253 -79.84562 -154.1962 -79.84562 761.9088|
|450|0.002000236|441.367333875 -85.8278385966 60.29453|55.15862 64.30167 -130.9735 64.30167 1430.026 57.59845 -130.9735 57.59845 2139.542|
|451|0.002449593|146.244367449 269.493292209 97.99806|154.371 67.27931 39.71432 67.27931 289.8068 323.573 39.71432 323.573 1282.552|
|452|0.002321704|430.755329026 111.418781305 -20.56859|127.9013 -423.0576 131.6534 -423.0576 1916.866 -424.5947 131.6534 -424.5947 1412.497|
|453|0.002087104|209.437760406 -189.503958385 64.784|90.76027 -18.00576 -70.29 -18.00576 118.7202 -0.4010271 -70.29 -0.4010271 275.0893|
|454|0.001999103|386.689051141 211.514969866 23.84063|555.0621 -528.7952 -223.2556 -528.7952 558.3846 127.469 -223.2556 127.469 2706.194|
|455|0.002172212|76.6960652726 -296.708278147 93.3618|190.9927 -142.7203 214.0618 -142.7203 303.1927 -351.0623 214.0618 -351.0623 1140.225|
