#|num|weight|mean|covariance matrix|
|0|6374.83861955|38.1246513735 145.216976335 -5.85717585611|48.7806790753 2.99216152615 -6.9017019802 2.99216152615 47.5685374382 10.4304324368 -6.9017019802 10.4304324368 35.8609139039|
|1|7960.11097886|32.003996237 123.260079298 15.8150335835|30.4004158352 11.250148764 -25.8026973631 11.250148764 76.3896580755 -64.488063173 -25.8026973631 -64.488063173 145.132298704|
|2|9655.08730224|28.2927103514 118.043410357 45.5694107413|67.9293125796 -1.0720441405 -2.86878222912 -1.0720441405 46.1018701039 -2.58428410487 -2.86878222912 -2.58428410487 39.2518021964|
|3|8843.65711437|45.1471262981 158.623011853 21.6729331102|69.6004677299 -30.1267167718 -26.9933226591 -30.1267167718 65.2362997636 -1.80266550508 -26.9933226591 -1.80266550508 63.7379755744|
|4|5885.128942|17.049620119 116.652692343 9.86753804325|26.5723407918 -2.73432641929 -21.8062197394 -2.73432641929 153.056960931 -65.2980376171 -21.8062197394 -65.2980376171 73.0835196386|
|5|5218.95456947|26.5304473525 161.688525086 26.318329379|42.4825297271 -13.4926855535 0.918357287737 -13.4926855535 80.1637770083 -61.3912488785 0.918357287737 -61.3912488785 75.670788566|
|6|10331.1760181|21.9744755729 147.416767413 10.4416459313|34.0846998986 -10.6899550682 -2.86420425147 -10.6899550682 67.1761566632 5.71426574936 -2.86420425147 5.71426574936 82.2581482512|
|7|5973.05867808|46.8381944261 147.739544111 10.1300380765|18.2128366056 -1.69266751972 -10.150334309 -1.69266751972 102.802337928 4.03910991309 -10.150334309 4.03910991309 36.5098097765|
|8|9454.52577739|18.0788427447 113.067890662 20.2602925105|61.3304520351 -40.3306630567 31.7614116467 -40.3306630567 76.2480283107 -1.48829752357 31.7614116467 -1.48829752357 89.65475496|
