#|num|weight|mean|covariance matrix|
|0|505.277724138|38.5438146591 3.58378807316 99.1652030945|6.57020809131 -4.9638433294 -4.90392537187 -4.9638433294 8.41070169138 2.38122882265 -4.90392537187 2.38122882265 4.13712723401|
|1|1262.47141613|78.9016376746 -65.7961411554 144.961296673|87.62060801 -32.6981409546 2.00929615325 -32.6981409546 52.42574192 0.0265010406043 2.00929615325 0.0265010406043 6.0006178406|
|2|1404.15994408|87.171015054 -68.3160576638 117.286924743|59.0485527676 2.75833738486 30.0450909966 2.75833738486 66.594372888 9.47482742032 30.0450909966 9.47482742032 84.7404607597|
|3|881.764340351|93.7936520674 -98.4722647825 160.459193448|151.131810069 -211.497070692 134.423128387 -211.497070692 305.866096225 -192.517370806 134.423128387 -192.517370806 123.316045084|
|4|378.958293103|8.75829490026 22.2111822764 103.930066427|56.7783152719 8.52218191857 18.6743603945 8.52218191857 5.17734254538 4.3618818444 18.6743603945 4.3618818444 6.76666072136|
|5|883.170309331|59.8972057928 -80.6369760328 123.331605283|66.9650099551 -23.5968367744 8.08451588262 -23.5968367744 10.9416688167 -12.8820893141 8.08451588262 -12.8820893141 43.1989042082|
|6|378.958257164|42.213319829 -72.3725566553 141.71687756|273.396984405 -149.995546927 145.332382877 -149.995546927 82.3317254384 -79.1609450591 145.332382877 -79.1609450591 86.0656649291|
|7|1126.48899156|72.4851978075 -48.7010679048 125.432663367|62.46432742 39.904826003 0.172909987095 39.904826003 90.9657749027 0.554900962621 0.172909987095 0.554900962621 8.00862103928|
|8|505.277724138|5.11507540941 -6.27912700176 108.392206192|23.188651678 -60.6390472773 13.1284182591 -60.6390472773 253.027937034 -63.7998189506 13.1284182591 -63.7998189506 16.6323593249|
