#|num|weight|mean|covariance matrix|
|0|0.00358819416045|361.87656312 281.331785056 58.2568369968|396.694043662 -178.310078459 -135.319381436 -178.310078459 570.657341059 -383.76666986 -135.319381436 -383.76666986 634.895072776|
|1|0.00799552789174|337.21639475 -264.564972126 -60.632761919|261.352915147 228.483602603 292.996735338 228.483602603 379.096165604 285.054293225 292.996735338 285.054293225 3171.72677455|
|2|0.00407586437632|300.739891417 -118.613776765 123.515798457|181.87782698 400.675331012 -49.3946400842 400.675331012 1687.34809086 -136.250667157 -49.3946400842 -136.250667157 195.282425762|
|3|0.000650113137647|235.934950025 80.706962892 -100.534553873|29.5030590014 17.8433510869 -51.578900223 17.8433510869 204.914460633 -386.235911182 -51.578900223 -386.235911182 867.920581136|
|4|0.00167690679765|286.349278925 -147.691712126 84.3707999361|346.045312757 244.616015183 37.2586753253 244.616015183 265.442596199 117.731867726 37.2586753253 117.731867726 311.310920487|
|5|0.00207456991305|442.331698795 -43.2056805479 -136.428907774|239.536268782 353.663976909 63.6761160025 353.663976909 592.862446403 65.375927256 63.6761160025 65.375927256 542.909662167|
|6|0.00219338576898|337.552820178 -127.222998636 27.6186943827|149.751076661 -12.5456376759 -127.952254348 -12.5456376759 169.819944132 -235.04547398 -127.952254348 -235.04547398 778.999836413|
|7|0.00224369754202|290.679208996 286.971148207 210.008305619|432.066313542 431.398420238 -195.262299316 431.398420238 447.729076787 -205.610415403 -195.262299316 -205.610415403 1400.18451745|
|8|0.00730986092303|405.701714718 -27.9637133631 132.833120152|651.869655651 113.299182566 -909.154532888 113.299182566 268.062627202 102.154384814 -909.154532888 102.154384814 2374.0725438|
|9|0.00686362966293|265.453614186 256.098766751 -206.321371712|869.476287185 818.249900302 466.15045219 818.249900302 827.86661981 445.944728527 466.15045219 445.944728527 1399.3327959|
|10|0.00419344092205|248.948190512 -112.657159647 -9.0699208008|391.532736749 708.693482134 522.127195969 708.693482134 1451.36196093 982.501959633 522.127195969 982.501959633 1348.57072004|
|11|0.00152827209002|306.140833779 -117.58800774 -127.524860265|174.989053787 126.739447879 -154.310496219 126.739447879 159.492433047 -185.095493565 -154.310496219 -185.095493565 514.778615637|
|12|0.00242245795493|398.624372469 165.814825633 -49.0694870714|716.373772538 -1425.58551559 -493.528797003 -1425.58551559 2976.26111157 1140.41434442 -493.528797003 1140.41434442 725.134459904|
|13|0.00129102616298|364.201194873 -10.7529649181 30.7046430291|164.529012777 67.994259402 942.057664245 67.994259402 46.6417037028 506.451939757 942.057664245 506.451939757 8809.13464016|
|14|0.00247679357795|256.459446766 132.556565369 -45.0158240683|327.40895291 -460.078481158 238.872913264 -460.078481158 730.973938221 -377.597920254 238.872913264 -377.597920254 615.974528401|
|15|0.00164050423688|312.726886568 77.3069959738 70.8332731089|85.7671652211 -179.951016103 -250.115280001 -179.951016103 587.402225252 665.696072078 -250.115280001 665.696072078 1142.00364141|
|16|0.00374357205097|294.426481868 -50.8906076604 -96.86681678|283.257382099 -349.351101856 -166.310571341 -349.351101856 613.955174344 105.998561548 -166.310571341 105.998561548 687.383971323|
|17|0.00258332587459|408.762065613 150.499525316 127.572956152|95.0180101326 73.8075414466 -77.7933996715 73.8075414466 158.499940507 -161.520293193 -77.7933996715 -161.520293193 1976.9825503|
|18|0.00243767714817|472.613746608 -191.881378831 22.4763501666|100.655626568 168.856430703 7.6253342835 168.856430703 477.974572488 97.4741174612 7.6253342835 97.4741174612 493.255839412|
|19|0.00506503702071|252.984615744 117.260022059 0.1290777472|216.107524698 -500.896545365 -143.507411737 -500.896545365 1528.11293577 505.372726897 -143.507411737 505.372726897 840.614460212|
|20|0.00371655619591|322.633677319 260.836232818 162.495573848|176.303427947 222.010952641 -628.030224658 222.010952641 663.008037334 -995.657491737 -628.030224658 -995.657491737 2757.22936823|
|21|0.00295762529912|275.973293878 -230.554757427 70.6441729483|92.7320387181 112.006894446 83.6743182311 112.006894446 389.198552158 428.027487174 83.6743182311 428.027487174 1003.15848839|
|22|0.00303608972148|218.433288898 182.618039888 32.2073939354|84.4372842836 113.81378579 -53.9761037477 113.81378579 422.657760615 -280.14689096 -53.9761037477 -280.14689096 1044.68197433|
|23|0.00361115327152|282.410061881 -40.8693450136 124.388938466|321.996716444 -133.356028499 508.677129939 -133.356028499 162.899148633 -166.420756172 508.677129939 -166.420756172 1790.34886884|
|24|0.00234055316826|475.652002625 -72.9591875178 -34.568434713|39.9795268867 -84.1026134911 -31.553879122 -84.1026134911 1021.43884319 181.700332619 -31.553879122 181.700332619 291.601166681|
|25|0.00480618083341|448.703702096 26.6072118899 102.868357033|118.230549913 -171.212857331 -32.5993922147 -171.212857331 417.671041859 -287.661886087 -32.5993922147 -287.661886087 3413.89183601|
|26|0.00556794008651|425.252894507 -128.403043282 225.792257043|448.042627905 -8.96127277724 -405.362383175 -8.96127277724 131.062631333 75.8811194925 -405.362383175 75.8811194925 935.0418369|
|27|0.000659893810669|311.000655414 -12.5418739467 209.844137314|218.608598655 21.4984659457 634.612989109 21.4984659457 17.6549339903 33.319630026 634.612989109 33.319630026 2311.50378382|
|28|0.00454506535434|259.312684436 196.913473454 -132.456829555|116.399268539 -46.8545395323 315.620569654 -46.8545395323 365.198193856 -381.340815175 315.620569654 -381.340815175 1983.67150496|
|29|0.00124404114147|245.784156438 72.9071349421 -71.5236711393|81.068651919 -74.2600317683 52.3344977707 -74.2600317683 322.524066962 -286.001377047 52.3344977707 -286.001377047 405.778738454|
|30|0.00321320571693|429.197886481 158.115339632 134.64309326|200.362256742 333.333004863 68.224773479 333.333004863 680.813148951 41.4672008945 68.224773479 41.4672008945 836.806003212|
|31|0.00249030862514|474.790000948 83.2379553461 38.9209230417|55.3771301269 326.285031011 -30.6551586496 326.285031011 2754.27528723 -332.796297397 -30.6551586496 -332.796297397 263.422042139|
|32|0.000804653691331|295.594538215 -1.90042498774 111.868105188|145.112632574 -90.2328540253 216.506577166 -90.2328540253 95.5183933983 -197.992936669 216.506577166 -197.992936669 701.968288308|
|33|0.00238946786135|312.690973165 -153.604265803 13.8477086654|435.986632421 329.864539906 -293.313615258 329.864539906 371.613544592 -385.762733871 -293.313615258 -385.762733871 655.966412574|
|34|0.000912002300341|271.535842928 8.23392947219 119.120269323|84.9648382241 9.32405012916 29.5386414971 9.32405012916 361.832913402 57.9959079461 29.5386414971 57.9959079461 77.536037587|
|35|0.00201064544508|313.152103853 -107.656330778 -68.3449283247|44.9689188092 -34.7485087648 116.800829014 -34.7485087648 496.096021855 -97.6986956037 116.800829014 -97.6986956037 849.252213438|
|36|0.00482444695228|318.700846192 313.171517085 6.5372535395|131.00852256 112.521347431 240.416775372 112.521347431 120.483257112 179.450052484 240.416775372 179.450052484 12601.2540664|
|37|0.0019479417129|404.165390808 111.074258916 -78.29658414|184.327549135 -538.390007374 -178.862082534 -538.390007374 1905.05212656 595.663077725 -178.862082534 595.663077725 390.208407398|
|38|0.00373192343313|391.490020036 14.1278320011 193.655137481|259.359169763 988.973231109 -337.854729041 988.973231109 4664.79504839 -1250.89000756 -337.854729041 -1250.89000756 627.284020603|
|39|0.00492797932568|298.355152542 139.972243044 107.785220324|358.110940617 -326.445238859 -153.329034858 -326.445238859 535.300425962 62.2730318664 -153.329034858 62.2730318664 389.332342586|
|40|0.00204432304793|330.755074792 -168.647446008 100.009212879|311.674712145 -339.908626828 -266.637047242 -339.908626828 488.165222353 231.471431461 -266.637047242 231.471431461 513.513266755|
|41|0.000558717088431|309.028937602 56.6636066848 -72.1825496608|110.497518175 23.252090089 -40.727009599 23.252090089 84.996844714 -137.766304957 -40.727009599 -137.766304957 302.328775687|
|42|0.00239277098891|321.672681944 -47.7325397845 -95.280213304|77.4145236032 33.5838770151 55.9591821559 33.5838770151 188.151992017 -400.433512195 55.9591821559 -400.433512195 1859.04627208|
|43|0.00275377972994|314.422187234 49.31042159 -250.431270974|431.048966886 62.2417602159 -39.7428993942 62.2417602159 137.778028865 66.624512103 -39.7428993942 66.624512103 267.498268432|
|44|0.00754206044148|258.575976836 -222.599894722 -28.5083425375|1157.9207065 -810.316986287 918.731798212 -810.316986287 776.844842625 -711.643803664 918.731798212 -711.643803664 1164.38582542|
|45|0.00193904278324|446.170401608 -15.1850823389 172.537844263|470.789325959 25.2357917154 -542.145565083 25.2357917154 31.4797229068 -71.3252575471 -542.145565083 -71.3252575471 1456.70014064|
|46|0.0011881338235|424.493660938 -122.268822118 158.732038598|292.486792447 238.208017316 -721.160342031 238.208017316 304.066268034 -771.34121581 -721.160342031 -771.34121581 2234.0358248|
|47|0.00519455065005|408.729944071 280.979608336 55.08223789|325.516061297 -377.379747508 -186.101883831 -377.379747508 636.416517585 312.125998336 -186.101883831 312.125998336 773.090206072|
|48|0.0039685544296|376.773843008 -16.3990123635 253.884052379|909.214349221 252.345090817 -40.2007466764 252.345090817 272.84238047 46.856320084 -40.2007466764 46.856320084 211.041487311|
|49|0.00125612053419|291.769035054 2.20227273028 -82.995204734|182.840596423 161.778188104 -133.934150042 161.778188104 238.795281751 -95.4353765091 -133.934150042 -95.4353765091 346.010384202|
|50|0.000210556834107|506.522764043 116.447788192 207.968520651|29.8842399665 -5.08025401135 -15.3469702056 -5.08025401135 30.8656807381 -54.3575263915 -15.3469702056 -54.3575263915 505.537583358|
|51|0.00178545932646|250.069716289 105.30048488 -101.284702275|111.589089364 6.09772011055 150.376074758 6.09772011055 76.5979431833 13.2795884088 150.376074758 13.2795884088 641.343577022|
|52|0.00132880132629|390.585916012 -101.844435983 75.2452690016|33.1964463719 36.7105877139 52.7787552863 36.7105877139 610.881379028 -34.0480813798 52.7787552863 -34.0480813798 262.321750448|
|53|0.00145977969379|358.501094183 -35.2826429472 -85.956835087|78.2202988016 51.0481025234 247.669530959 51.0481025234 130.814011844 188.689190657 247.669530959 188.689190657 1260.3976072|
|54|0.00555058575083|438.155450098 6.10428362085 87.374391198|153.605230223 -127.376206417 -121.969549503 -127.376206417 347.374075775 329.484504946 -121.969549503 329.484504946 3203.55384636|
|55|0.00691641632831|405.940680845 284.820565552 195.567871268|1948.09600821 423.241106554 -1850.10400014 423.241106554 221.502161733 -536.872475833 -1850.10400014 -536.872475833 2260.30656014|
|56|0.00680572418184|334.083565533 301.391564376 -59.5525640882|108.999743002 36.07354374 410.023227503 36.07354374 232.055770052 220.563090352 410.023227503 220.563090352 5110.99132538|
|57|0.00507803720553|376.759765422 215.304007798 22.6007675704|427.478760393 -862.287101517 43.0027521295 -862.287101517 2075.64512209 219.755856385 43.0027521295 219.755856385 737.187499503|
|58|0.00522724706013|357.344151315 -236.396859146 98.7971325162|416.070711732 515.020914084 -455.192348026 515.020914084 789.896123376 -296.170786016 -455.192348026 -296.170786016 2070.12904981|
|59|0.00521856916713|302.864316634 -224.845131639 -180.100977131|360.415354171 -448.500268303 302.611134518 -448.500268303 703.178500395 -450.254996805 302.611134518 -450.254996805 1286.7147981|
|60|0.00176639071507|228.680497143 -3.61883611037 36.1202769043|144.596167394 -50.2801737822 90.4037721993 -50.2801737822 136.990935154 -16.8001662439 90.4037721993 -16.8001662439 254.416432049|
|61|0.00353927673173|404.15497917 -96.6157381663 -62.1845004903|98.707359137 9.54342869155 -304.580836927 9.54342869155 497.951391688 -39.4556196334 -304.580836927 -39.4556196334 1771.84301168|
|62|0.00582321526361|320.855742751 298.652301781 167.12735994|609.952393018 498.227564735 -488.944930941 498.227564735 474.639803222 -451.820325079 -488.944930941 -451.820325079 1923.61174351|
|63|0.00388080442904|250.741518339 -112.150646058 61.8286546219|87.8550514989 -467.188929554 254.545746139 -467.188929554 4526.82009383 -2444.75420943 254.545746139 -2444.75420943 1523.07658036|
|64|0.0039443019334|312.611304389 -309.477956475 27.7875731953|131.111436985 -125.510871529 -135.192935264 -125.510871529 133.607046412 139.548683183 -135.192935264 139.548683183 15655.0602678|
|65|0.00107720471781|550.295763599 -121.919344623 124.155739887|51.2361543455 -12.6893199451 -70.7848111015 -12.6893199451 48.547555813 -57.5932566481 -70.7848111015 -57.5932566481 740.43128171|
|66|0.0021909971752|319.655518215 44.3104354184 130.876851457|207.103688049 -125.319950572 -195.300445235 -125.319950572 156.490781017 83.2021187277 -195.300445235 83.2021187277 606.105354356|
|67|0.00685563454137|396.789054488 129.105479341 -10.5751649688|827.254590861 -1761.696344 206.370904465 -1761.696344 4169.46095746 -730.483380436 206.370904465 -730.483380436 763.896995408|
|68|0.00303712393899|211.290405501 -82.4928780938 0.2012167587|118.066744355 162.201135237 -200.819747953 162.201135237 444.692531251 -499.489750223 -200.819747953 -499.489750223 985.365980306|
|69|0.00219119711616|254.578342633 67.3355694561 -32.109394272|154.143275276 152.028406605 -57.283696918 152.028406605 534.80355154 -409.312035784 -57.283696918 -409.312035784 521.66515947|
|70|1.45569351277e-05|182.929671281 34.6412052667 104.071519991|2.37420721075 -0.411670886891 5.73947848079 -0.411670886891 1.92392336216 1.25185099604 5.73947848079 1.25185099604 664.071521644|
|71|0.0011738329124|387.872714753 217.462075022 144.042431948|73.3968302808 129.298282194 -286.203861681 129.298282194 591.218078193 -1265.65801299 -286.203861681 -1265.65801299 2864.33160884|
|72|0.00125695491233|305.40109103 -5.47096802404 -22.7765050154|96.18701419 133.607258696 -329.021656161 133.607258696 528.374609227 -1399.73616833 -329.021656161 -1399.73616833 3913.1729231|
|73|0.00225761349609|264.265790486 -54.0529591498 8.2385812432|100.422851513 151.70126744 -335.692639384 151.70126744 462.59274787 -787.60966464 -335.692639384 -787.60966464 2086.84134273|
|74|0.0045083120783|334.405940562 -41.7378810184 199.390126038|422.297182802 7.36637787809 501.333362409 7.36637787809 142.566934288 187.115792916 501.333362409 187.115792916 1616.58878809|
|75|0.00210694634064|291.595585184 8.34147006831 -15.4462764585|100.318496614 -157.45896007 390.036001058 -157.45896007 479.343081567 -1066.62521464 390.036001058 -1066.62521464 3048.35484757|
|76|0.00727963349907|413.594372141 73.3687907838 98.8344419303|124.486663364 -250.651915886 -23.1953745296 -250.651915886 1359.93497046 -1185.42307866 -23.1953745296 -1185.42307866 3150.10208432|
|77|0.00534700444632|301.099480671 -254.554683539 -246.362597046|334.438430332 -75.6804956085 151.988580761 -75.6804956085 360.600496219 1.19048661334 151.988580761 1.19048661334 388.568297572|
|78|0.00182662459459|345.033509743 27.9944268274 -47.3684850945|1108.16280516 705.348945159 1166.78476589 705.348945159 491.095902916 704.831848894 1166.78476589 704.831848894 1459.54550245|
|79|0.00463419714653|349.762049095 -129.131483615 -43.9683097232|509.214695489 14.713224651 505.337463234 14.713224651 244.313513987 -354.608843463 505.337463234 -354.608843463 1357.78056222|
|80|0.00234144023521|349.116082593 184.981907901 233.542907244|468.288209197 -249.802245132 128.292837056 -249.802245132 263.747277131 -185.133254065 128.292837056 -185.133254065 308.404070088|
|81|0.00264157908086|208.265549648 -109.461128667 -16.801313803|217.792922456 78.5818980325 -622.979926076 78.5818980325 108.535665449 -145.160841135 -622.979926076 -145.160841135 2729.31764112|
|82|0.00169553945002|349.604022567 -103.771620117 -100.12999374|426.106596296 -61.4120806004 521.867966389 -61.4120806004 65.5384594686 -94.6856842694 521.867966389 -94.6856842694 863.845437651|
|83|0.00250914630255|189.593786656 145.089330889 11.54557732|71.4407252702 -37.0618353959 -31.795315241 -37.0618353959 369.819535843 862.75673334 -31.795315241 862.75673334 2449.61403612|
|84|0.00589171804249|225.598938672 -164.297987863 92.2332979834|738.893982954 36.6491445069 468.581237319 36.6491445069 106.700172189 -76.8737347259 468.581237319 -76.8737347259 948.413265179|
|85|0.00108114268506|474.543119617 -161.044835278 102.910735512|124.606863486 -157.302206532 102.835543425 -157.302206532 394.243690938 -116.760840053 102.835543425 -116.760840053 183.191605052|
|86|0.00362987259931|259.036242339 32.0624560563 -98.150397798|274.893497376 141.58106912 -928.601930151 141.58106912 200.160213634 -477.778730292 -928.601930151 -477.778730292 3841.26630997|
|87|0.0110852336859|365.318338171 13.7533250528 -200.594515772|1100.67795483 -314.595807025 409.044650151 -314.595807025 424.065765409 16.621334338 409.044650151 16.621334338 869.959737898|
|88|0.00692409481771|295.618374665 237.748350008 70.4594775613|637.268721207 455.258734366 -2178.12019133 455.258734366 527.921056505 -1920.01299181 -2178.12019133 -1920.01299181 9130.5653438|
|89|0.00186651164456|474.452549075 -12.0469550791 144.31800479|209.176865109 -388.301187755 -370.029475798 -388.301187755 795.288191204 665.686360224 -370.029475798 665.686360224 1258.51364904|
|90|0.00101422679272|227.48291342 -70.2460413528 33.5474896461|39.5760049671 30.6840809233 27.8543803355 30.6840809233 119.452421289 135.438118837 27.8543803355 135.438118837 575.041014818|
|91|0.0114742353621|399.210457189 -124.702080115 34.1427401766|665.167375032 1640.79945434 116.466233803 1640.79945434 4532.34292286 2.37995869743 116.466233803 2.37995869743 1201.9804764|
|92|0.00136674803874|239.523984301 95.0930699182 -52.2752326821|91.1811451251 135.420948768 -32.9256555697 135.420948768 369.453980666 -176.020748934 -32.9256555697 -176.020748934 293.969641436|
|93|0.00242648175266|215.989006371 -208.73782031 -20.0084438805|67.8351906721 -50.6525590686 -85.8423702022 -50.6525590686 73.2458084246 -134.467702361 -85.8423702022 -134.467702361 5004.20457426|
|94|0.00221224465568|312.399580813 -52.6577641389 214.501390004|692.562405291 -246.510443643 598.253474336 -246.510443643 160.166132628 -180.115331244 598.253474336 -180.115331244 714.150855879|
|95|0.00351175588948|336.424721863 56.8005399012 82.2548989145|233.226377419 -227.35255744 -210.389402336 -227.35255744 459.661233578 382.706811206 -210.389402336 382.706811206 790.667132135|
|96|0.0050250399222|503.36899876 -73.8495960992 148.135774578|127.036678806 -51.9684320938 -85.059499322 -51.9684320938 507.532629941 -8.24783857408 -85.059499322 -8.24783857408 721.005001536|
|97|0.00571485102916|414.745700461 33.7168852513 37.7035147279|86.8105939464 -223.478299087 -270.046989593 -223.478299087 922.346782799 -77.680693408 -270.046989593 -77.680693408 5879.85221444|
|98|0.00235840861399|360.220238336 21.1152374529 -10.1636443945|931.932628555 193.48382645 553.454974924 193.48382645 121.630845951 172.944560907 553.454974924 172.944560907 559.64993207|
|99|0.00388228371771|276.541994757 188.305906221 -143.679386345|241.83941424 -276.176786275 697.199633723 -276.176786275 615.269049381 -997.019790404 697.199633723 -997.019790404 2538.47158098|
|100|0.00202786257174|329.520487088 -51.826660928 -172.481647322|255.584701449 497.430286282 -558.251079149 497.430286282 1220.58091895 -1439.29017235 -558.251079149 -1439.29017235 1869.13251239|
|101|0.00580171429577|372.306191073 198.311984868 50.6332196507|437.699282154 -968.150108476 -27.2639267252 -968.150108476 2493.16694225 275.275742042 -27.2639267252 275.275742042 674.731077027|
|102|0.00155019141572|292.76774681 -51.9902471602 74.0170342864|413.751408389 -9.88555504763 232.7822263 -9.88555504763 64.6849764201 -121.169415411 232.7822263 -121.169415411 605.504583779|
|103|0.00567945264942|251.021159614 -200.084551986 -250.143740072|367.052572371 -137.516374293 -4.61848067328 -137.516374293 486.549469402 116.587545618 -4.61848067328 116.587545618 332.246615869|
|104|0.00695501729578|427.907687327 -31.6468970752 -138.57319394|313.494858427 438.354397439 142.028227335 438.354397439 955.079266721 -141.61178681 142.028227335 -141.61178681 1474.86368161|
|105|0.00437724346441|313.634539629 286.695363344 -32.2242114802|59.9110871091 -0.845938751008 288.685266659 -0.845938751008 117.377525017 237.950277815 288.685266659 237.950277815 9744.09429465|
|106|0.00355130123258|414.93543748 -39.6366733719 160.578356521|530.714296086 34.7860977075 -1218.33174726 34.7860977075 145.753295644 153.789141758 -1218.33174726 153.789141758 3514.11789147|
|107|0.00663728530792|422.931270463 263.293191156 128.331184947|149.758709733 -303.008137517 -148.250736343 -303.008137517 1087.24444798 -39.5759614459 -148.250736343 -39.5759614459 1596.79284068|
|108|0.00253853537703|371.915958316 200.749177345 -139.559378793|365.97177261 -71.1225616469 201.042933929 -71.1225616469 90.1130264102 24.5586895318 201.042933929 24.5586895318 496.437377669|
|109|0.00126337856172|305.492853679 -50.9989891352 -166.277754342|100.822309467 39.5997390042 -123.655972339 39.5997390042 97.9850128392 -83.4794888071 -123.655972339 -83.4794888071 422.865462797|
|110|0.00646553674202|214.320719704 -160.540515662 -124.12041439|297.822786812 -30.6566550911 -688.94942409 -30.6566550911 137.197249992 316.532553742 -688.94942409 316.532553742 3544.16329013|
|111|0.000133092726619|440.391812683 -273.390618444 204.554783779|22.653070911 0.268668515841 -47.2245585848 0.268668515841 23.6087043375 -38.3063600751 -47.2245585848 -38.3063600751 273.874343124|
|112|0.00416031557495|350.586533369 16.2862580856 -262.757747399|1058.35013755 175.663532916 -1.94126714755 175.663532916 226.711100267 -19.3360388461 -1.94126714755 -19.3360388461 151.126650045|
|113|0.00148564481139|273.462398497 48.5681865172 101.91575981|198.844864878 198.731603844 257.082104179 198.731603844 297.330000377 152.086097867 257.082104179 152.086097867 649.748259218|
|114|0.00148332754981|282.17671879 -21.0162315495 28.2411001534|48.3981557289 52.2021117986 85.6626230278 52.2021117986 170.251587967 287.946589634 85.6626230278 287.946589634 1690.84630284|
|115|0.00179488514256|275.237584069 -44.7716313847 -103.381290728|154.938106544 -153.722485177 -194.807443689 -153.722485177 298.095731685 -115.353272026 -194.807443689 -115.353272026 1180.59384537|
|116|0.00225452801182|443.632965426 -5.95164380798 234.674844974|125.138364841 8.56491405159 -201.99829112 8.56491405159 515.078292881 -18.8149739208 -201.99829112 -18.8149739208 499.580801336|
|117|0.00871030570412|406.999393337 -270.294459894 12.1838827184|996.579089749 777.116500113 -150.655743354 777.116500113 684.660470823 -145.218633344 -150.655743354 -145.218633344 807.366773489|
|118|0.00159058219177|387.674025201 101.532098776 158.586983955|39.259693867 -20.7195357621 -37.5178143548 -20.7195357621 172.012259011 -43.8817232551 -37.5178143548 -43.8817232551 624.745205257|
|119|0.00465013202917|353.501826552 133.213536953 40.6260944031|405.67044227 -147.129258135 38.7617240946 -147.129258135 252.775047968 -288.04845386 38.7617240946 -288.04845386 767.131022947|
|120|0.00207317370756|327.838204098 65.4337561806 141.65099469|160.573763218 -66.6503599477 -104.086109891 -66.6503599477 343.776648084 -152.993556371 -104.086109891 -152.993556371 342.795890224|
|121|0.00358769377802|394.999742564 -183.684441958 22.4248380765|616.842387978 951.810185879 488.857063734 951.810185879 1630.21207218 710.28780595 488.857063734 710.28780595 824.71886604|
|122|0.00246592428811|301.048700252 147.26796107 -125.297523257|61.0677994805 13.5079225819 22.5601123531 13.5079225819 201.268865441 -17.8586008603 22.5601123531 -17.8586008603 559.564610544|
|123|0.00119906387393|242.701927095 -70.2347191904 82.1086010303|66.1614206709 7.73855566945 -8.61595102917 7.73855566945 253.46554119 -251.769980293 -8.61595102917 -251.769980293 378.722660814|
|124|0.00596684500892|494.88958927 -82.6841630702 80.0010675202|186.241317926 170.759702302 99.5558795558 170.759702302 727.033929235 -73.3807424526 99.5558795558 -73.3807424526 544.858668992|
|125|0.00136547911104|463.31695415 32.4094105239 -11.6771490418|46.2309156747 -20.0572511232 -244.003634819 -20.0572511232 96.0671543633 240.223402742 -244.003634819 240.223402742 3323.03973907|
|126|0.00232945095482|259.649696295 -190.971935386 147.170212111|99.2691602944 -18.1974287807 -9.14666489093 -18.1974287807 278.762072627 69.1129227207 -9.14666489093 69.1129227207 266.410732098|
|127|0.00430934896875|236.343203876 110.958885598 69.2568191054|240.708306445 -108.256675105 118.371166686 -108.256675105 177.446352825 -172.512732065 118.371166686 -172.512732065 778.298795922|
|128|0.00285965038286|364.188200494 -61.8490846498 180.55193012|235.677158229 59.7117664368 -309.679458502 59.7117664368 84.0981625066 -198.565091175 -309.679458502 -198.565091175 1510.99327029|
|129|0.0035126676306|222.195021478 25.1658565498 10.0678390665|81.3574387065 -449.825002902 -191.487467308 -449.825002902 5517.10131878 2188.54320004 -191.487467308 2188.54320004 1035.75658736|
|130|0.00083319657144|264.388791669 -26.9321273291 -0.0363185021|55.9648063654 46.4849614909 -117.782778515 46.4849614909 147.7430477 -433.178359703 -117.782778515 -433.178359703 1633.72942257|
|131|0.00149454836063|355.34818459 -6.76118984118 191.697931993|266.43615106 158.011546854 23.0761659249 158.011546854 114.387509922 85.882094155 23.0761659249 85.882094155 1329.18977581|
|132|0.000560797784197|392.620590731 58.0600393857 45.4091396549|42.1024529721 -27.6590370005 45.0675559907 -27.6590370005 122.978225592 110.804772348 45.0675559907 110.804772348 382.657685251|
|133|0.00176687633153|271.897989244 5.73475427267 -99.364355775|47.6529639549 -29.6544967096 -38.2526327962 -29.6544967096 341.481124424 464.659832045 -38.2526327962 464.659832045 1089.69623949|
|134|0.00504339838586|423.23838312 33.2332362182 -167.563110282|512.338320354 169.659975725 737.085857965 169.659975725 510.774867536 790.864397521 737.085857965 790.864397521 2013.36293058|
|135|0.00696117667275|400.590189555 280.045262086 -15.2483957842|881.517114261 -692.912535245 -166.436900515 -692.912535245 643.226018005 183.572358697 -166.436900515 183.572358697 640.266485748|
|136|0.00689572826475|321.164168347 -301.346438003 33.8237172772|107.284007197 -90.565649799 -183.934586338 -90.565649799 176.404132611 16.7594600744 -183.934586338 16.7594600744 10475.6978957|
|137|0.00376092757923|336.816968378 -32.7643908932 -37.8830138331|126.562373711 107.433800998 -755.131393557 107.433800998 176.664655057 -971.250759825 -755.131393557 -971.250759825 8788.28484055|
|138|0.00100375044854|260.291988972 -39.7365277184 124.276272678|63.0419139558 -24.9064516623 178.60132732 -24.9064516623 86.707731928 39.7165435865 178.60132732 39.7165435865 1215.74620559|
|139|0.00185403404296|298.572912658 -22.8486373665 174.313633631|494.879022505 69.4549535074 275.278566062 69.4549535074 47.7143158865 -25.4391265722 275.278566062 -25.4391265722 673.230419273|
|140|0.0015111222861|224.503326095 4.93879583877 -31.1051058512|85.8367579413 33.1978749438 -66.6952780756 33.1978749438 155.981022784 -37.1417582773 -66.6952780756 -37.1417582773 255.219543604|
|141|0.0047668597222|398.198425564 149.340672554 199.087118185|73.9594438817 -10.2185004285 -69.7901691211 -10.2185004285 982.983329921 575.271542317 -69.7901691211 575.271542317 893.85815894|
|142|0.00231384466413|390.707699216 89.2152069708 36.3208414829|48.9966041465 -54.5114865984 46.9279277302 -54.5114865984 349.19673505 91.337012243 46.9279277302 91.337012243 755.007514235|
|143|0.0032110406854|334.342171629 170.196895964 -46.8256460009|370.413729025 174.928676535 343.830642519 174.928676535 256.822888309 -89.6492157618 343.830642519 -89.6492157618 1004.15091223|
|144|0.00316358458943|271.038367214 168.021642873 -64.2620347578|1239.60775977 -348.471470821 1340.15970947 -348.471470821 165.080646424 -320.637663702 1340.15970947 -320.637663702 1856.64183813|
|145|0.00272575423627|279.334302777 19.5109107774 96.4526481602|312.203460018 549.646680038 355.497982442 549.646680038 1222.89396106 725.080624704 355.497982442 725.080624704 683.97185061|
|146|0.00162852959852|353.615978692 -34.8736652153 36.64990991|987.901760693 -108.20649954 -824.503395865 -108.20649954 42.8626389262 50.528745883 -824.503395865 50.528745883 1135.61069978|
|147|0.0056263224874|285.638572894 253.757041799 247.576275049|673.331951851 621.450083632 -173.862634268 621.450083632 836.595559777 -118.885355038 -173.862634268 -118.885355038 354.583118629|
|148|0.00581904951339|376.22097619 -220.102395777 -54.8427871932|361.833262159 857.312875121 560.279895046 857.312875121 2375.48909584 1445.36610318 560.279895046 1445.36610318 1455.03652767|
|149|0.00157828984381|222.775120249 -196.725654838 -0.7124823162|92.1011972392 -142.757638712 186.165681363 -142.757638712 392.066107425 -565.265617392 186.165681363 -565.265617392 1128.2614294|
|150|0.00609245450608|433.57819284 31.5331487852 -45.8356508192|119.863109872 -136.362000201 -155.259761723 -136.362000201 509.658153347 661.923254781 -155.259761723 661.923254781 4538.81714483|
|151|0.00192969407593|344.327524529 109.911917339 113.055527824|519.068882459 -15.0883445311 -320.812068961 -15.0883445311 59.1625978492 -12.0589320544 -320.812068961 -12.0589320544 382.777105174|
|152|0.0016291751936|382.628129669 -13.9472289046 63.8805370781|54.7840906285 -105.290028387 273.948198681 -105.290028387 368.486344167 -843.448945827 273.948198681 -843.448945827 3014.18746518|
|153|0.00225256941443|391.11801363 204.73404859 76.8713312136|190.408041771 -286.141352506 -138.627703959 -286.141352506 709.585339617 165.580084653 -138.627703959 165.580084653 307.778747142|
|154|0.00384323049241|312.184737042 127.490023941 19.8332203975|145.089302067 -165.185103283 383.324060441 -165.185103283 559.947883198 -806.542238901 383.324060441 -806.542238901 1831.10320771|
|155|0.00609709499108|253.529106305 220.663000498 50.9802798878|879.365833191 501.650562306 -610.820456637 501.650562306 420.379104219 -412.356763783 -610.820456637 -412.356763783 1044.36685047|
|156|0.00707855736636|417.013738296 -25.0261121083 -59.980926536|95.2756742789 193.408656305 110.686445389 193.408656305 738.402030684 -448.00921247 110.686445389 -448.00921247 5624.52925169|
|157|0.00182742340478|290.866521395 59.3426659489 84.3415709972|200.986908589 152.523970779 273.536495486 152.523970779 329.019226637 223.124605098 273.536495486 223.124605098 586.568283053|
|158|0.00196289454804|456.661638283 -0.318573012585 -171.724960107|112.442269527 73.3366513315 256.755438113 73.3366513315 286.205286658 102.820767115 256.755438113 102.820767115 882.365665534|
|159|0.00986013865067|299.601674362 236.071432331 165.328258316|180.954083235 118.139913825 -292.965717869 118.139913825 665.323245317 -556.866011437 -292.965717869 -556.866011437 1993.92301372|
|160|0.00430652169053|403.87303166 -110.754661793 -146.491907724|134.834543418 -109.760008779 136.420079676 -109.760008779 400.356825031 -162.999362805 136.420079676 -162.999362805 608.831728051|
|161|0.00208670151802|264.436294079 -119.196248147 -11.6257282342|393.653247085 720.037860963 661.631607875 720.037860963 1464.93816186 1264.19727523 661.631607875 1264.19727523 1332.34918241|
|162|0.00367837657405|216.757670732 -143.50573176 -15.1021722707|118.33616066 124.311051706 -225.463416759 124.311051706 455.651243596 -832.084282836 -225.463416759 -832.084282836 2092.92278246|
|163|0.00499009698134|291.633035583 -240.235255025 -64.1544393591|290.026779202 40.9518363689 594.397409018 40.9518363689 107.401314982 -46.6593552527 594.397409018 -46.6593552527 2697.41472853|
|164|0.00272806065829|282.684469046 61.8162791999 -1.0619489118|57.3885039669 -107.066358793 -203.878988301 -107.066358793 660.429019147 277.73613816 -203.878988301 277.73613816 1415.67216635|
|165|0.00128680343152|342.774053639 -47.4280992367 -37.6882321585|75.3857806791 87.2525107656 -45.0278228195 87.2525107656 166.708834858 128.875947572 -45.0278228195 128.875947572 1570.96157081|
|166|0.00106333081881|274.284256475 -101.023431275 -51.4597240568|58.9015632146 173.260838628 -72.9391430694 173.260838628 721.951389223 -375.097376429 -72.9391430694 -375.097376429 375.012919541|
|167|0.0127176482723|279.923997958 -238.019440547 -176.907858642|673.709680754 -675.569007553 312.395910628 -675.569007553 1016.85607584 -367.19554049 312.395910628 -367.19554049 1356.23602243|
|168|0.00224876084026|280.629301071 225.584896744 -76.952175049|67.53634015 -89.0055012173 -87.2616978294 -89.0055012173 385.174644409 447.582539027 -87.2616978294 447.582539027 980.211479493|
|169|0.000939602418506|235.919692195 -93.1154081912 76.4845052375|28.3700204224 -27.3583129682 3.25300921713 -27.3583129682 136.618491782 -123.20152402 3.25300921713 -123.20152402 529.588622533|
|170|0.00343421938157|332.066106164 -227.418981568 178.851146826|262.998547199 319.432899293 -289.764456733 319.432899293 609.490006188 -365.103218172 -289.764456733 -365.103218172 718.12107412|
|171|0.00728035090056|336.076729284 251.347293461 17.4179074739|174.997383611 -170.187159414 -345.765379851 -170.187159414 523.391167995 388.087476905 -345.765379851 388.087476905 3055.73577089|
|172|0.00487522286847|405.460507201 -186.402114574 127.380733469|715.941465243 124.883346382 217.148884069 124.883346382 84.5014472766 -35.9473382064 217.148884069 -35.9473382064 1060.56498301|
|173|0.00586313953219|252.406309238 -168.527288831 -136.483324348|270.14645502 -180.244725216 -539.246367621 -180.244725216 234.898315279 372.64333901 -539.246367621 372.64333901 3009.53764671|
|174|0.00183452312569|260.408424113 28.4205876135 56.7273998956|54.9103820182 131.244712751 -95.3131835278 131.244712751 716.969848362 -694.15849039 -95.3131835278 -694.15849039 1052.78272703|
|175|0.00617818323857|267.437191948 -199.100284981 40.7220865002|110.809997581 91.08323047 17.549898698 91.08323047 309.461221008 -67.8225930248 17.549898698 -67.8225930248 1830.03322176|
|176|0.00213789778766|357.583944769 234.529404215 -151.170699451|353.654911524 -444.51551132 -35.5376132346 -444.51551132 725.53484348 273.998489581 -35.5376132346 273.998489581 530.147506633|
|177|0.00079268730153|235.204877127 -30.4154412788 19.2717635692|330.497972487 293.562627363 1504.28283156 293.562627363 296.985115036 1408.12258386 1504.28283156 1408.12258386 7273.15366423|
|178|0.00732064105894|260.175944964 177.799676845 181.372661917|764.639158375 314.721088612 562.924984624 314.721088612 252.206111581 412.349245494 562.924984624 412.349245494 1453.06225468|
|179|0.00202185308125|435.128846335 279.216357258 125.069880406|40.4412752904 -40.6557053317 1.33012579992 -40.6557053317 250.425160442 -117.714765399 1.33012579992 -117.714765399 743.700140901|
|180|0.00326135144991|346.610684941 53.5784792999 -176.486680493|703.884135316 -47.8170624571 493.87495494 -47.8170624571 99.8412920252 -107.527126832 493.87495494 -107.527126832 817.617937544|
|181|0.00567772573795|380.698777636 -181.482123396 184.738553523|399.620991449 296.02404447 245.778564506 296.02404447 393.332683857 385.294797355 245.778564506 385.294797355 1034.7268568|
|182|0.00187515096756|419.280514013 25.2608756271 236.375345117|367.893609709 126.250979017 -223.26937962 126.250979017 120.13238308 -162.466701892 -223.26937962 -162.466701892 485.67613249|
|183|0.00209682117227|165.571882291 153.098115581 2.0566458751|78.1590679007 20.8122159417 -0.804642079034 20.8122159417 63.7846224235 -7.45093870475 -0.804642079034 -7.45093870475 849.281661072|
|184|0.0054127907141|474.933169483 -42.1286435958 18.8542531708|27.6567513937 12.6619868731 -12.1659319625 12.6619868731 4365.6779425 -945.960899202 -12.1659319625 -945.960899202 640.727511581|
|185|0.00129646488658|268.558272541 -219.062232036 -60.3444667091|32.7545786639 7.34394254695 -6.58895712277 7.34394254695 881.531044387 -497.418669541 -6.58895712277 -497.418669541 440.303487641|
|186|0.00258258316589|314.3661731 36.4555252289 -86.897532359|98.019095746 99.8521398938 -352.889300482 99.8521398938 487.772135392 -1405.76945227 -352.889300482 -1405.76945227 4643.22915559|
|187|0.00143893193411|388.849542256 231.212010326 141.817459256|266.731400282 -144.498790347 347.994445674 -144.498790347 176.371232584 -311.487843271 347.994445674 -311.487843271 754.614626722|
|188|0.00510994350285|327.653868449 -162.223807685 64.1879682426|1013.73982437 117.064693436 -1351.67954915 117.064693436 163.098708581 -253.298708818 -1351.67954915 -253.298708818 2220.2672777|
|189|0.00284831410952|367.649283299 -17.1279236278 153.545586417|182.406802594 33.937738894 -164.647746515 33.937738894 78.1770383207 133.146882066 -164.647746515 133.146882066 2114.8267099|
|190|0.00248509197584|335.39086622 43.6038242388 -44.1289166711|180.191876331 -121.651589809 612.687747814 -121.651589809 156.679038854 -499.186313153 612.687747814 -499.186313153 2939.74880888|
|191|0.00594897854458|331.992439666 242.833866509 -141.264537137|326.077936585 -288.519730086 301.501746146 -288.519730086 514.471473561 192.796174168 301.501746146 192.796174168 1836.45039823|
|192|0.00210899058912|403.100740128 181.634765202 14.3705694287|111.601311072 -285.776737419 -89.8420478792 -285.776737419 1274.88186403 981.602821102 -89.8420478792 981.602821102 1330.22809727|
|193|0.00164986656617|295.225538365 -147.364042404 -101.014844555|101.733499327 -1.34311365217 106.496858629 -1.34311365217 65.0633427807 -59.1971109027 106.496858629 -59.1971109027 526.78854675|
|194|0.00678319226809|391.74096668 208.780964753 224.463075836|496.308239355 351.176798667 -555.856148966 351.176798667 460.042285732 -441.617393872 -555.856148966 -441.617393872 1164.14981903|
|195|0.000996805994685|333.034278877 16.7980435532 44.6949228928|43.4740473133 64.8953173808 -16.8928652528 64.8953173808 500.815124131 -141.078989515 -16.8928652528 -141.078989515 143.659994582|
|196|0.00425247916366|313.095131231 -30.5617289456 119.990048658|1232.09669317 -151.85056712 1516.49099559 -151.85056712 115.308346918 -86.9928648811 1516.49099559 -86.9928648811 2468.38098653|
|197|0.00238380303702|487.726850776 86.0061480884 24.5242085764|34.8238252315 112.684275907 -21.4694924612 112.684275907 802.417416233 39.1849892843 -21.4694924612 39.1849892843 487.198039125|
|198|0.00308861036157|344.301923227 206.060835089 24.7583567428|241.198881515 -252.753786447 145.068377639 -252.753786447 327.037112414 -54.9229884968 145.068377639 -54.9229884968 1513.18223183|
|199|0.00443944066082|381.6863842 46.9587558354 -224.72254219|516.296898969 -48.8112852467 14.5346600636 -48.8112852467 134.460854717 42.4908597986 14.5346600636 42.4908597986 504.417575072|
|200|0.000704131158062|316.625760325 -44.2016087523 -45.505878204|155.422029813 185.456945334 224.052862958 185.456945334 271.422152294 245.115787163 224.052862958 245.115787163 504.983926897|
|201|0.00311370301422|344.819243977 222.577127829 -60.888597581|533.990926894 -276.445645586 -471.092853169 -276.445645586 262.515762395 142.153984141 -471.092853169 142.153984141 844.807894377|
|202|0.00219668264651|266.614073466 119.054350563 40.9466861915|58.8312090362 -116.463502689 16.1340453831 -116.463502689 619.884980872 -129.527466563 16.1340453831 -129.527466563 413.357319527|
|203|0.00293574701271|247.451859311 -100.847603079 -85.959726171|111.720954304 4.91648448676 77.2000438534 4.91648448676 96.4953217257 -96.3482543842 77.2000438534 -96.3482543842 1042.90214982|
|204|0.0021507866213|387.405952431 31.2751415311 -139.038764238|136.210240494 45.3652795363 -132.764080442 45.3652795363 190.985852747 -103.827727663 -132.764080442 -103.827727663 644.092649268|
|205|0.00325185529263|506.437110661 -31.9250983344 114.889851772|142.426979683 -75.997785495 -37.9726134085 -75.997785495 130.03605519 -11.4776366853 -37.9726134085 -11.4776366853 929.760197115|
|206|0.00362389124139|327.566754656 62.8245495154 11.5593785535|72.2341087365 46.1013932306 130.99138251 46.1013932306 540.097964934 566.092600358 130.99138251 566.092600358 1184.92739497|
|207|0.00257637799554|416.354412548 -48.5910082111 -201.110339874|246.185924555 243.002258277 -13.765695548 243.002258277 657.217379199 -500.120341973 -13.765695548 -500.120341973 737.860847321|
|208|0.00126907610207|261.220093574 -101.944457172 80.7257438409|119.656704522 3.77144899629 -194.08490508 3.77144899629 81.5839472595 -5.31595173325 -194.08490508 -5.31595173325 507.595036298|
|209|0.00137267214624|301.547176278 12.7540572463 -140.775041968|341.097678465 251.221236929 -49.9901515827 251.221236929 223.289136813 -57.5731394146 -49.9901515827 -57.5731394146 295.033788051|
|210|0.00170480792929|286.712046199 78.5213910455 79.2246514505|2141.714606 -2033.72923295 -436.532084388 -2033.72923295 1978.27904809 423.5133566 -436.532084388 423.5133566 226.090893004|
|211|0.00122906185919|304.138164908 14.8583146456 18.6654065899|78.5045878806 -2.135204022 24.3991410027 -2.135204022 614.834906056 -1838.67066663 24.3991410027 -1838.67066663 5620.44685781|
|212|0.00229793139285|404.028507914 -12.2892749323 -159.746928946|135.263800001 307.015389546 278.345242036 307.015389546 1421.37589714 737.096007745 278.345242036 737.096007745 785.407686974|
|213|0.00375591624315|382.010064337 -46.7456815253 56.5626863483|338.763339558 -171.416600199 -1068.94212715 -171.416600199 163.245313073 594.686819793 -1068.94212715 594.686819793 5019.69320933|
|214|0.000944264712567|194.569433308 -188.685476648 -104.968328271|67.5430720354 -59.346986867 -95.8701487354 -59.346986867 85.8841644814 111.280239426 -95.8701487354 111.280239426 678.582344481|
|215|0.00338903343903|396.605627487 -81.8758581679 41.5160111002|138.271779954 195.722922995 319.373617683 195.722922995 598.374107752 361.371164257 319.373617683 361.371164257 1363.00481046|
|216|0.00585621996995|263.555029767 -254.883372572 -205.678989769|782.134222966 -757.690107225 364.532041479 -757.690107225 782.253554777 -349.507826174 364.532041479 -349.507826174 1504.2077386|
|217|0.00263230014489|425.805518654 107.239626158 57.7652299242|76.7551327533 -239.816342655 -81.5577903075 -239.816342655 985.230914784 34.0088854427 -81.5577903075 34.0088854427 1180.29265743|
|218|0.00106669100251|333.515434394 -73.3270619249 178.677223477|243.147846528 -16.6089602031 -132.29095288 -16.6089602031 30.4356282817 -7.0886945572 -132.29095288 -7.0886945572 326.803935492|
|219|0.00198726236832|214.698091178 210.775479878 -25.9794031312|87.2622584148 80.9486121457 243.792414375 80.9486121457 93.3658082192 218.207447775 243.792414375 218.207447775 4639.30268636|
|220|0.00180894946693|433.963278189 -92.2002724474 120.010452346|102.287815558 -147.435297188 171.17195046 -147.435297188 701.328867126 -858.454385333 171.17195046 -858.454385333 1199.34431644|
|221|0.00258876053382|358.597202783 -23.5421889517 54.3413757823|1699.11001375 -297.995558459 -864.397558753 -297.995558459 113.589327404 89.6758215236 -864.397558753 89.6758215236 692.548931935|
|222|0.0049147795812|481.862380401 -116.359352526 156.212893172|261.394191793 146.652148529 -160.877039467 146.652148529 266.537453604 127.134464719 -160.877039467 127.134464719 1068.33023116|
|223|0.00272401671336|380.264018686 -122.834458111 241.685046194|139.988425548 -58.9722102582 -179.104949195 -58.9722102582 318.662815836 16.1940060412 -179.104949195 16.1940060412 539.373460858|
|224|0.00260698065968|287.627276398 61.7948947287 -122.892017341|314.561708465 32.4355354834 -576.416796711 32.4355354834 34.0093156275 -105.546591701 -576.416796711 -105.546591701 2982.11527984|
|225|0.00445398451455|430.1676631 72.2849227501 -70.5878606071|332.583219674 -430.831841035 -364.101141346 -430.831841035 940.762939848 535.827782394 -364.101141346 535.827782394 911.865957944|
|226|0.00131114843425|315.844983783 -103.055413298 92.989362739|91.4075625418 8.42351220861 -13.2283236516 8.42351220861 104.501795437 8.45483373353 -13.2283236516 8.45483373353 189.670248327|
|227|0.000720220081441|315.229409953 -0.653358022191 24.2923855163|39.4596786375 -6.64393935036 74.1273712611 -6.64393935036 66.7506934051 -77.4658591289 74.1273712611 -77.4658591289 735.525278998|
|228|0.00382797321585|427.816332351 -107.500847069 68.1974880409|475.836115225 841.097367397 -178.400766246 841.097367397 1923.78012569 -314.349978933 -178.400766246 -314.349978933 244.620964672|
|229|0.00232012863319|353.667724603 219.629443517 88.4432687963|201.72173513 -210.407623671 78.5025145604 -210.407623671 463.879064514 17.7878911513 78.5025145604 17.7878911513 297.043516147|
|230|0.0018012376272|322.434051458 -57.2360056335 3.0576747462|87.3826044572 -142.766331779 -214.434616711 -142.766331779 495.424261869 590.388362237 -214.434616711 590.388362237 1074.47403616|
|231|0.000494328308858|307.328806431 -33.6755906918 265.342421091|157.632656464 35.5216444529 -260.766827601 35.5216444529 88.1072924773 -116.363482229 -260.766827601 -116.363482229 561.440253132|
|232|0.00836279515836|242.327850007 176.712594066 97.4952406017|334.753251201 388.395828315 496.635764355 388.395828315 844.25467667 1019.50231851 496.635764355 1019.50231851 2366.33677051|
|233|0.00050031597174|306.830792037 -0.0654172950227 101.375976642|176.746381372 -190.677728274 -122.42844445 -190.677728274 237.138333281 117.106354844 -122.42844445 117.106354844 204.568761317|
|234|0.00287296813513|460.514596662 -6.91222695019 -47.8833900685|51.823523517 40.8241959892 85.852085495 40.8241959892 330.688800441 -428.240002319 85.852085495 -428.240002319 2409.41608304|
|235|0.00209180924116|269.505542893 35.0417779499 -2.3818980939|74.195280236 -12.9478520607 95.6059044 -12.9478520607 118.378238289 -356.434107114 95.6059044 -356.434107114 2429.8395389|
|236|0.00369892167509|331.286617721 122.077476033 1.3716581948|131.036527479 -72.7105377194 318.347678543 -72.7105377194 449.909587607 -886.042365994 318.347678543 -886.042365994 2492.02033526|
|237|0.00274103323435|417.368896625 84.2166975627 137.433686349|162.825968129 -492.220649807 313.197340373 -492.220649807 1996.19142838 -1719.20707342 313.197340373 -1719.20707342 2158.13507849|
|238|0.00391871422599|467.118539446 -70.763947908 222.620314732|732.150164511 -355.71909649 -675.747735564 -355.71909649 332.989626476 294.960771769 -675.747735564 294.960771769 826.1939292|
|239|0.00898022863898|299.441849048 -273.998668743 214.574328618|539.428796451 -244.668738629 -194.653754338 -244.668738629 262.375855897 82.0960860416 -194.653754338 82.0960860416 1118.85242318|
|240|0.00433741266287|272.75258434 252.509520356 113.650940915|84.5584969629 28.5378681398 -161.062094384 28.5378681398 96.9272073008 -271.633768955 -161.062094384 -271.633768955 4987.57508045|
|241|0.00347530491239|367.55178073 -193.682180179 -63.1170895041|404.33641846 565.040668795 100.999199966 565.040668795 947.584350819 192.582454805 100.999199966 192.582454805 421.835929704|
|242|0.001589525952|354.063763453 37.3409653203 102.795768192|88.7559082772 -4.77974649021 -222.251714845 -4.77974649021 119.008100923 83.3275512478 -222.251714845 83.3275512478 983.31614141|
|243|0.0010989530592|275.133834487 -92.6143753241 36.635320455|361.503009024 447.344084448 170.564665898 447.344084448 686.605172022 246.540017547 170.564665898 246.540017547 177.662505982|
|244|0.00532846547662|295.814574801 38.5936755188 -148.629311065|241.759617845 -27.6822770713 -329.722653162 -27.6822770713 145.653887192 78.8391942314 -329.722653162 78.8391942314 2617.83438035|
|245|0.0025205634143|275.949106018 -69.3224810691 -21.6601495225|93.3714830579 197.192628172 235.191617693 197.192628172 663.041917661 472.594903378 235.191617693 472.594903378 1161.00992094|
|246|0.00343445283841|328.534503141 -299.119357164 -175.534443122|215.061899386 -72.9853274143 481.743987234 -72.9853274143 190.696415946 -305.969434532 481.743987234 -305.969434532 1854.22004736|
|247|0.00418798597369|340.583619004 -206.733990756 4.1558468796|253.604939047 303.646089881 -108.76942251 303.646089881 455.156228157 -11.1561024591 -108.76942251 -11.1561024591 1340.20356631|
|248|0.00160027451717|202.191400028 -187.041836068 101.351874901|119.618064172 -59.7264841958 43.3177376656 -59.7264841958 124.07556741 11.083267218 43.3177376656 11.083267218 346.165822793|
|249|0.000647724806653|260.256638848 41.6698882164 -152.739320754|43.9013478576 53.073508514 -75.4391079688 53.073508514 161.231047124 -59.795599837 -75.4391079688 -59.795599837 301.241604364|
|250|0.00565285874324|308.017740097 -129.748722065 15.4524055701|347.985584902 668.286219128 -853.919888628 668.286219128 1700.97591665 -2194.66667253 -853.919888628 -2194.66667253 3219.68114003|
|251|0.00246096326146|423.468528846 -106.793488431 -34.8740570897|65.0089542105 134.719991291 82.7066454991 134.719991291 799.74705129 -846.630732227 82.7066454991 -846.630732227 2546.16950257|
|252|0.00121689216036|258.795398172 -13.719477103 -70.6177607038|21.4907693703 26.1874623688 -65.1850781075 26.1874623688 470.034378732 -779.122670417 -65.1850781075 -779.122670417 1736.48743582|
|253|0.005073620128|211.022276251 171.008921407 -56.6393131688|165.393090313 -79.9811502016 260.389306676 -79.9811502016 204.4370528 -465.934721129 260.389306676 -465.934721129 2158.17129235|
|254|0.00650295381111|238.63847289 -194.720656913 -134.247993954|238.907368144 13.6183112663 536.351229461 13.6183112663 137.88449359 220.003232136 536.351229461 220.003232136 3644.81847418|
|255|0.00145244034411|356.981329679 -18.1817956272 -28.4897035455|672.764530139 -350.656419711 111.722615162 -350.656419711 253.150445827 -59.7714972014 111.722615162 -59.7714972014 156.68136889|
|256|0.00420160572253|336.178619985 279.81829132 -173.995095553|110.068754428 -61.000615355 217.682846583 -61.000615355 621.637189835 115.223523239 217.682846583 115.223523239 974.967424516|
|257|0.00265148951264|430.283939828 96.583567425 -19.2082111432|277.208485812 -534.937751615 -570.741398522 -534.937751615 1272.86581449 859.44576789 -570.741398522 859.44576789 1931.39823151|
|258|0.00313687875595|212.433100851 93.4002988969 -6.9902372264|104.743115655 -96.8623441402 57.3785486508 -96.8623441402 287.017199414 -126.009206659 57.3785486508 -126.009206659 494.836876895|
|259|0.00616365003222|486.043233825 -118.65294512 -1.1007559813|45.1540509073 63.7770623621 27.0729912052 63.7770623621 1235.23535807 117.634070299 27.0729912052 117.634070299 766.866711341|
|260|0.00194375888843|468.924690337 -171.113812955 128.292169672|164.651280258 -65.6765622251 76.6011658179 -65.6765622251 118.196146053 -33.0524773568 76.6011658179 -33.0524773568 452.436636428|
|261|0.00617782356107|389.570770882 324.341425718 122.208958421|229.598722649 -57.5989906476 -19.9228549218 -57.5989906476 174.654018012 -130.230468553 -19.9228549218 -130.230468553 1117.27504919|
|262|0.00178739995277|356.407433399 -21.3514964913 16.9928337978|1539.80291885 -116.627815411 -774.128477756 -116.627815411 54.1911928748 99.5212454411 -774.128477756 99.5212454411 596.731323413|
|263|0.01043326736|335.149184423 -240.277675175 61.1579059116|341.851414304 456.445529746 -305.232387 456.445529746 754.777092905 -376.254828299 -305.232387 -376.254828299 3903.6540513|
|264|0.00548353865258|333.477458842 -70.5353520109 -107.19033591|98.6788113175 -38.0733075238 113.392760211 -38.0733075238 2026.70931191 -2639.00283831 113.392760211 -2639.00283831 3817.40187936|
|265|0.00290460074197|388.328429295 -21.4126305917 -235.949168729|166.579073974 -50.8199775005 94.1146745453 -50.8199775005 231.577683631 -203.165501375 94.1146745453 -203.165501375 627.61371537|
|266|0.00470777552018|418.045554838 3.67712761431 204.03877369|337.429419254 51.3173266999 -145.153869253 51.3173266999 269.211702154 -129.132651064 -145.153869253 -129.132651064 861.604315759|
|267|0.00950941538481|432.446496577 -52.6568144496 -19.1468270034|299.713406615 778.740874775 50.3401054573 778.740874775 2812.29675795 -806.926451581 50.3401054573 -806.926451581 2069.33018737|
|268|0.00286911079389|313.994405706 109.921927294 -96.78014137|111.052520382 8.70610763715 133.671774435 8.70610763715 160.473899561 84.6622853322 133.671774435 84.6622853322 556.582269418|
|269|0.00368966188906|279.994774613 186.333323938 -30.3566792115|399.934649321 -157.749931709 -658.08486136 -157.749931709 136.650924254 200.156941575 -658.08486136 200.156941575 2002.07392717|
|270|0.000513952083007|338.767867757 -60.7463693006 202.989913401|1379.57144669 -6.42695838175 2420.93455343 -6.42695838175 26.6043362513 -5.52400439347 2420.93455343 -5.52400439347 4329.99566393|
|271|0.00487044754547|265.255622333 213.31261886 -36.1827162537|55.2867184956 -11.3567473235 76.0836031475 -11.3567473235 252.351682873 -1043.71518892 76.0836031475 -1043.71518892 8337.28056434|
|272|0.00243254419139|486.179625821 140.960936618 -9.9141880924|38.505345055 -4.95748006162 57.2605877593 -4.95748006162 655.220989085 228.89820892 57.2605877593 228.89820892 489.164261291|
|273|0.00372131258202|473.403486089 78.4934255114 -41.4576958608|58.846324241 155.310386251 200.512740309 155.310386251 1140.98679506 654.975149962 200.512740309 654.975149962 1489.13983961|
|274|0.00130798969544|378.466696051 -4.35585020207 -28.6937368858|199.736462305 -251.371127042 265.95019982 -251.371127042 399.256879 -373.934838854 265.95019982 -373.934838854 583.224535163|
|275|0.00158974266833|368.603845354 -1.0359369297 62.330935446|179.232754042 403.079743702 -631.992701635 403.079743702 1222.3713628 -1772.8870165 -631.992701635 -1772.8870165 2800.6392511|
|276|0.00280376423314|394.293964811 94.6564336162 -38.1244146806|51.9955985668 -122.758947585 6.78471910436 -122.758947585 690.017230456 -263.328398173 6.78471910436 -263.328398173 838.189815708|
|277|0.00455269038367|299.009870845 264.132899898 -228.806150719|245.512576008 73.7730763067 200.120637226 73.7730763067 243.764172727 -26.7669756597 200.120637226 -26.7669756597 744.87070353|
|278|0.00308508231344|168.742537422 -147.957977582 -6.3495553064|155.36743647 2.29112812533 -96.8859398793 2.29112812533 75.6084682438 51.0482374645 -96.8859398793 51.0482374645 831.735326085|
|279|0.00221340920293|460.225976417 213.216088293 123.041689715|212.364168342 -12.4216290888 65.745144019 -12.4216290888 76.348328552 -6.00586348485 65.745144019 -6.00586348485 481.533396351|
|280|0.000792108488691|221.117850184 55.3798641699 52.9229396278|59.1879368293 -3.98937444813 -72.0228765346 -3.98937444813 64.5571604335 -0.377401231 -72.0228765346 -0.377401231 240.676389967|
|281|0.00202312476545|370.371232882 41.1971716761 -82.400294461|81.7416903226 61.0137000476 154.328790433 61.0137000476 131.613646848 -96.7966960418 154.328790433 -96.7966960418 2239.72735096|
|282|0.00156186895587|385.038034191 25.4457361965 229.08380863|304.065856122 280.91267827 -293.66195752 280.91267827 383.668947271 -309.845241452 -293.66195752 -309.845241452 439.280707708|
|283|0.00290893529344|305.360137507 8.22481010629 -220.479984077|296.861985827 -249.050790104 63.994307575 -249.050790104 310.652912497 -73.2791220505 63.994307575 -73.2791220505 518.67689946|
|284|0.00274301845205|344.956546306 15.4961895579 -157.55788512|455.28110639 -35.8448589539 288.953206898 -35.8448589539 209.91003541 143.090319164 288.953206898 143.090319164 500.737878668|
|285|0.0076719966568|339.844196673 -292.553738051 62.0156483071|98.1285972828 11.4486866474 -475.851573463 11.4486866474 285.463091746 176.42835152 -475.851573463 176.42835152 7376.50647239|
|286|0.00122223122134|421.559462329 -107.213515691 99.2221580203|290.817347233 -6.96027560388 -101.883214095 -6.96027560388 100.302283153 -2.07115084059 -101.883214095 -2.07115084059 125.119214227|
|287|0.00297355513099|242.663003861 164.848004339 -117.368398165|537.034519308 -59.595694642 -92.001236501 -59.595694642 76.3917510811 -210.373572828 -92.001236501 -210.373572828 1227.32332697|
|288|0.00211456796917|270.52305244 241.774396775 -22.4459279398|458.793695204 193.49639759 183.091554306 193.49639759 197.038937145 82.7644237136 183.091554306 82.7644237136 264.570173719|
|289|0.00274365608057|343.256933863 151.329903618 -49.4315744425|291.534502598 7.69841427152 602.09238708 7.69841427152 302.157723715 -249.31149346 602.09238708 -249.31149346 1636.31532574|
|290|0.00468379722524|371.66587105 -280.934606563 -66.4442343469|574.605844238 320.136292891 219.966136703 320.136292891 313.002189407 -57.8150525013 219.966136703 -57.8150525013 871.207027401|
|291|0.00253773580382|385.546779914 31.6708711006 -46.7622172206|153.377443411 109.786898667 411.361807738 109.786898667 202.920437084 276.78902612 411.361807738 276.78902612 1729.01605311|
|292|0.00110458514398|282.277026334 -59.8929605412 138.286773259|310.899289189 -83.3429322119 580.836554215 -83.3429322119 42.7628883585 -123.736696634 580.836554215 -123.736696634 1608.40219979|
|293|0.00259234141332|238.934950878 -152.411827284 16.1945704457|220.053619495 260.037509185 74.8526191745 260.037509185 399.043623165 258.33437725 74.8526191745 258.33437725 995.04814856|
|294|0.00343807339672|420.447667621 17.8081899031 -236.359834261|229.882684868 -19.2725637507 236.35003109 -19.2725637507 351.944247008 -3.03178021866 236.35003109 -3.03178021866 506.480966568|
|295|0.00112517555861|387.438647569 -82.0163562099 -42.2645394685|28.4981233209 18.904769603 -49.103664506 18.904769603 348.439559788 -0.728998371192 -49.103664506 -0.728998371192 335.016463708|
|296|0.00253181560086|368.161848729 237.838001425 -43.2970571823|287.742298347 -334.251395005 553.178979639 -334.251395005 508.224798824 -246.521555394 553.178979639 -246.521555394 2929.47330429|
|297|0.00695642566011|226.498131478 194.103134836 152.619855781|646.326901135 432.915433868 1209.3525508 432.915433868 459.766951369 756.112039454 1209.3525508 756.112039454 3090.49080549|
|298|0.0039866356352|463.090160775 216.360504818 15.618757798|188.834404437 -262.056549633 48.5628983724 -262.056549633 502.636954325 -152.218490176 48.5628983724 -152.218490176 723.86877977|
|299|0.00119054932706|457.235549357 69.2149275245 -61.8102966239|62.6206823881 44.8979605093 -51.5565498731 44.8979605093 362.57153216 -396.989626155 -51.5565498731 -396.989626155 643.193033245|
