#|num|weight|mean|covariance matrix|
|0|6.92427924617e-06|270.248480805 53.4748152145 -12.0246251351|41.1564659639 -29.0851870722 46.8147290664 -29.0851870722 88.7675974678 -40.0438750342 46.8147290664 -40.0438750342 177.155140169|
|1|0.000112018050195|267.380837741 90.1035988448 20.4800478096|12.4522352521 -20.6425243076 -6.6469896669 -20.6425243076 64.1529133771 41.1242248561 -6.6469896669 41.1242248561 67.700390135|
|2|0.00136030164945|223.020059981 -136.049965946 -53.308363559|99.1442548889 -146.147948828 -32.1083508767 -146.147948828 246.903376133 66.8678812916 -32.1083508767 66.8678812916 70.5547739663|
|3|2.45697487591e-06|272.806620283 64.6531199405 1.42742981301|32.1191303149 -68.4109227507 50.9604327662 -68.4109227507 314.691330647 -62.8880423896 50.9604327662 -62.8880423896 279.987646497|
|4|1.86737454314e-06|269.367470288 -63.8818799241 19.9571320363|32.5670056358 31.5428071989 10.0987747499 31.5428071989 466.713606951 497.201260138 10.0987747499 497.201260138 664.327546192|
|5|0.000210718921727|282.380849848 54.3725721211 -32.7514439994|48.5251958972 -73.8055054032 -78.7098843993 -73.8055054032 183.444595182 122.444615919 -78.7098843993 122.444615919 175.109743754|
|6|7.88768037514e-07|275.725670508 54.6283630653 30.7377103278|15.2597147197 -28.4660461534 31.4425397025 -28.4660461534 307.57298196 -297.382710964 31.4425397025 -297.382710964 570.926772961|
|7|0.00854923205533|331.900445565 -48.0428679282 -110.795467983|65.4077686142 36.8820520538 15.5608245439 36.8820520538 163.890387743 -94.5579632596 15.5608245439 -94.5579632596 353.547844618|
|8|0.00568914828379|318.806027166 -21.8836424296 68.1944932685|52.1864862885 -15.1203930527 -7.16079595762 -15.1203930527 182.9168673 -161.243997778 -7.16079595762 -161.243997778 326.174038262|
|9|0.000214883581696|263.206062953 -211.910331429 103.946950506|8.92485345142 -4.14346141825 -10.6487325347 -4.14346141825 119.375282844 3.78592499954 -10.6487325347 3.78592499954 57.271506873|
|10|0.00210390111152|243.344078085 120.363891152 39.7036156829|92.1758714637 -67.3924909125 -61.5462686257 -67.3924909125 169.371179771 -54.3072009848 -61.5462686257 -54.3072009848 239.692244344|
|11|0.00131260899926|265.464768942 195.349255032 -94.5027574568|15.6023135798 -17.2904133334 -48.8698469659 -17.2904133334 65.8625394083 83.8558846926 -48.8698469659 83.8558846926 385.632201902|
|12|6.26786243166e-05|281.699040741 -29.3012873901 43.0669312468|122.048972285 117.374809367 32.3471503818 117.374809367 168.688724932 63.6105332149 32.3471503818 63.6105332149 248.558978045|
|13|0.0105975861282|342.157623655 138.659143113 25.4807296142|106.760793336 -42.8404341793 56.1191234677 -42.8404341793 125.507632908 -173.373263539 56.1191234677 -173.373263539 491.805734147|
|14|0.000443202803074|291.347906474 25.1823298909 -43.5597827413|86.5692554921 -63.455996697 62.9986266509 -63.455996697 132.210533971 -106.695630947 62.9986266509 -106.695630947 241.921464302|
|15|0.00626101456682|212.360044035 -159.99615079 -90.6389511076|135.690090015 37.8037729151 -46.7843010393 37.8037729151 64.0637109183 5.33265134579 -46.7843010393 5.33265134579 167.990344637|
|16|0.00513186980467|240.678497157 -118.87723613 -29.6153383846|146.57520147 139.889527293 42.5372567156 139.889527293 278.845064847 -180.312162891 42.5372567156 -180.312162891 483.797623216|
|17|0.00120607903548|257.848718053 -48.5000644612 21.1398546422|22.9899232107 -5.57830916718 -28.7956399394 -5.57830916718 70.7489861321 -34.9961426254 -28.7956399394 -34.9961426254 151.998470486|
|18|0.00758011096565|274.689872622 190.366434741 -14.6174498531|80.3446545398 -45.9117295359 -123.122976598 -45.9117295359 99.6347177106 68.123925754 -123.122976598 68.123925754 534.812590981|
|19|3.20744693527e-06|268.616140913 -40.3851588463 52.6213609897|59.2758039796 8.45120175588 -17.5852792678 8.45120175588 293.460576216 314.544636468 -17.5852792678 314.544636468 474.357776695|
|20|0.0015940161123|275.658696514 42.8660998141 -57.7370873164|85.4816879799 -29.1936664207 -15.4065048618 -29.1936664207 69.3251496298 -15.8082000166 -15.4065048618 -15.8082000166 284.538706235|
|21|0.00072247128151|272.847579677 -84.5651966244 35.8072290569|53.0715337461 2.80973293313 -25.586302411 2.80973293313 30.4394512198 -22.8361810101 -25.586302411 -22.8361810101 64.3146258365|
|22|0.00358734966255|332.155487416 -125.790442838 25.0609585737|68.0398477288 -21.6004803671 10.4493594951 -21.6004803671 84.8842633703 -130.195220536 10.4493594951 -130.195220536 306.433333308|
|23|0.000820596246917|435.018070426 2.65668391281 6.95558786738|11.0290281085 -2.05815910242 1.6716587221 -2.05815910242 99.9810782829 -32.3659023121 1.6716587221 -32.3659023121 45.7651813518|
|24|0.00152363953273|275.760898852 58.5294204809 -77.8857278876|38.5093428924 7.89804796679 -11.3739257397 7.89804796679 9.51350379228 11.9891595628 -11.3739257397 11.9891595628 634.78289081|
|25|0.0017733598103|322.673217288 -87.9908999671 -17.5664135502|61.4722153877 190.433513168 -35.0883572934 190.433513168 903.90315205 -210.429044057 -35.0883572934 -210.429044057 82.5237461544|
|26|0.00238240007181|288.730394186 -29.0229000901 60.3245591772|145.259954884 91.9527277157 10.8143108543 91.9527277157 148.564305748 -24.2819260242 10.8143108543 -24.2819260242 281.0940195|
|27|0.000830823891471|344.494672208 101.19038754 82.3650143612|34.4453085356 45.9544051998 26.6749448277 45.9544051998 97.0838391404 -5.30279473307 26.6749448277 -5.30279473307 130.9962897|
|28|0.00114749991891|203.08213094 -197.63639973 -77.0601044921|214.63274716 -144.909297004 107.813951203 -144.909297004 108.781146077 -71.6327970637 107.813951203 -71.6327970637 118.964360139|
|29|0.00138560935489|299.017860289 15.5690254779 -27.504797944|47.3406694486 22.2032486275 -37.532696942 22.2032486275 106.524853381 -122.719220975 -37.532696942 -122.719220975 388.777322622|
|30|0.00496458057054|239.380124402 158.832899442 6.477980703|217.73823554 -298.820589642 -43.4049377603 -298.820589642 443.910360072 106.440842859 -43.4049377603 106.440842859 350.436693485|
|31|0.00409136315222|316.798131686 33.4375140059 -60.3679516351|47.988648028 27.1342118466 27.701476057 27.1342118466 146.19425602 -103.351336833 27.701476057 -103.351336833 380.445387961|
|32|0.000617339588168|264.126127326 -40.5710457492 54.3768814795|38.7758569833 -13.3047066079 -32.4945455604 -13.3047066079 241.236320325 259.27061532 -32.4945455604 259.27061532 424.327403642|
|33|0.000256584094085|322.666500139 74.2357921265 43.3424128001|25.4833712125 -35.0343443292 -17.0772908825 -35.0343443292 297.747386536 80.1623308758 -17.0772908825 80.1623308758 250.973037169|
|34|0.0071469429961|377.809073457 32.5258769063 -26.8093143496|48.5922939382 19.9323356489 40.9063060371 19.9323356489 66.3804982062 35.2713370565 40.9063060371 35.2713370565 349.189637556|
|35|0.00146894420481|279.693482774 37.2688787814 84.3197778162|24.6904123773 38.3979647247 22.185808594 38.3979647247 443.826870427 -32.9032961912 22.185808594 -32.9032961912 81.3737497906|
|36|0.0064966131761|264.546092043 -21.1431836109 -63.786539386|34.6271499332 11.0091199551 -35.4256293791 11.0091199551 115.771383305 -106.265155719 -35.4256293791 -106.265155719 438.388119484|
|37|0.00183333647317|205.768639022 111.070303421 -23.4655596081|39.93807712 -38.7336111738 31.4064755859 -38.7336111738 74.2121342565 -38.0555874812 31.4064755859 -38.0555874812 69.4791374932|
|38|2.59836326554e-07|274.5444464 61.8935351725 9.38476817957|18.7755595253 -46.7945677801 33.7517091932 -46.7945677801 302.998341143 -107.764082044 33.7517091932 -107.764082044 353.126754812|
|39|0.00455713644901|275.960167962 29.8252736446 105.520317126|68.063801873 72.4668849733 22.215177927 72.4668849733 241.337724489 30.9769529144 22.215177927 30.9769529144 71.2619856392|
|40|0.00423310454386|301.900554663 -44.2419632551 114.093618212|148.842635253 -7.50368548873 -70.176664477 -7.50368548873 77.0311354448 8.51586837843 -70.176664477 8.51586837843 85.8965797402|
|41|0.00333629582542|267.952530674 90.2604434413 -40.4113535891|67.8083257025 15.1062480895 83.499793888 15.1062480895 146.776666011 -166.780728523 83.499793888 -166.780728523 440.051449147|
|42|0.000760202812271|275.843204625 -77.467506437 26.6315874493|37.7850159419 -13.3220804507 -0.181312523727 -13.3220804507 144.35431736 -41.0242390453 -0.181312523727 -41.0242390453 46.8712035663|
|43|8.5313426542e-06|279.362256762 44.6959058025 -45.2032976067|92.6750942817 -113.500761259 -71.3223326049 -113.500761259 326.357464034 199.888184383 -71.3223326049 199.888184383 154.388519547|
|44|7.47634780626e-05|282.282445489 33.1756866703 -11.7254277067|61.6920735571 -155.422148366 3.74110656585 -155.422148366 433.885201149 -28.869656125 3.74110656585 -28.869656125 57.3599809921|
|45|0.00947840575362|346.622655894 -32.9043797571 -74.5166271889|61.9186726431 11.1471379833 -7.55171867641 11.1471379833 69.2434221528 68.6306803927 -7.55171867641 68.6306803927 663.89601853|
|46|0.00103087349829|267.656705914 3.09677531735 80.9045869628|56.8990924927 63.4698694004 20.6701768228 63.4698694004 498.339548639 12.2683215836 20.6701768228 12.2683215836 26.5484828349|
|47|3.52144213445e-05|273.73255062 57.4890002467 2.47442740253|28.2434698005 -43.6420913384 53.4220582889 -43.6420913384 218.089543617 -53.6022808274 53.4220582889 -53.6022808274 288.495470036|
|48|0.00445619052995|215.907775916 -180.537262829 -34.8924660613|24.8140272073 -25.205841919 60.610593965 -25.205841919 226.098194798 -53.0545912424 60.610593965 -53.0545912424 488.622656599|
|49|0.00744579746567|273.046852896 208.635397977 -64.4511670627|56.6590092832 4.7951303033 -108.789966921 4.7951303033 156.636537464 29.0997544706 -108.789966921 29.0997544706 563.204766659|
|50|0.000184098264022|267.314793845 81.1920035237 4.41416081691|33.7704526709 -67.5478665786 -3.80963687973 -67.5478665786 302.06679108 204.572457409 -3.80963687973 204.572457409 305.674840504|
|51|0.00413422369361|305.362713518 64.5765343285 86.6596106332|172.241158893 -54.1325624033 -1.99066282026 -54.1325624033 61.790251961 -2.28541195349 -1.99066282026 -2.28541195349 93.1349831471|
|52|0.000946509252751|271.469403233 73.8370113538 -13.197484185|22.950579784 -12.6485200728 -20.2160584194 -12.6485200728 360.583762075 412.033651735 -20.2160584194 412.033651735 587.445609801|
|53|3.98203139512e-10|273.57867167 15.2099124094 4.49068598685|35.7197510385 25.7208459987 -59.0071421938 25.7208459987 3945.9511222 -362.386429618 -59.0071421938 -362.386429618 481.787102917|
|54|0.00355955326686|344.011677334 147.113963169 -26.7613277629|37.3381106091 0.290542045914 62.5256690997 0.290542045914 129.609962559 -79.9771820173 62.5256690997 -79.9771820173 273.788989612|
|55|0.0022757607998|271.509639427 -26.8099782118 36.2067449502|112.302186307 77.58769768 38.4476744775 77.58769768 70.9242513214 61.3507049121 38.4476744775 61.3507049121 457.160983568|
|56|0.000825646180156|232.859651015 170.907810482 53.4552664882|78.7141336682 172.236021967 43.4711349835 172.236021967 451.963799525 90.8211724049 43.4711349835 90.8211724049 51.1013181697|
|57|0.00441075344788|224.139929267 -158.020862554 84.1893638082|235.967515931 14.2741974518 104.298897262 14.2741974518 25.6969572111 -57.2165949511 104.298897262 -57.2165949511 397.465632536|
|58|0.00444465689137|274.95296261 -197.711607957 17.9622762316|43.5028547591 44.0910081007 201.372477813 44.0910081007 81.1723847568 178.566060601 201.372477813 178.566060601 1775.00851712|
|59|0.00236274958651|256.75567243 -218.574223814 -31.0047016332|54.1903533295 -10.9098498871 53.0125031181 -10.9098498871 22.7612994642 -25.3977327085 53.0125031181 -25.3977327085 213.803051636|
|60|2.86626394428e-05|273.891454891 53.6114366007 -48.2600834125|78.4264521429 -26.5004180091 -80.1844713599 -26.5004180091 49.5086014265 94.9714842175 -80.1844713599 94.9714842175 372.740506997|
|61|9.77562950913e-07|269.621231981 -67.2594007803 8.85955263903|50.8556503379 108.438645905 -97.954650854 108.438645905 419.611365571 -240.684495984 -97.954650854 -240.684495984 358.531508912|
|62|0.00645489344704|218.103438515 211.9942615 13.1233108007|38.7564862447 24.7815080665 54.42123516 24.7815080665 44.7258728521 -61.3029118476 54.42123516 -61.3029118476 1656.47390694|
|63|0.000920866075168|239.609826445 -9.08557928817 33.5718680863|10.7944208396 -12.3822241482 15.8613536019 -12.3822241482 53.9627475904 -3.20819711851 15.8613536019 -3.20819711851 122.133047105|
|64|2.75189072816e-07|272.707477269 67.6614922399 1.78826512887|24.2038190776 -59.7679814395 26.4303456787 -59.7679814395 354.865431059 -12.529203707 26.4303456787 -12.529203707 260.499579656|
|65|2.4001293022e-05|278.143258241 -37.5322945028 19.5236622707|21.6070104571 45.5685770484 13.5991240215 45.5685770484 129.794877108 5.30976743722 13.5991240215 5.30976743722 179.786013508|
|66|0.000100804478289|291.376106358 34.5729609172 -37.0620546938|66.3991256065 -18.0152758002 -97.5998782209 -18.0152758002 43.1618088518 -46.4454512689 -97.5998782209 -46.4454512689 319.166754681|
|67|0.00856898520862|256.820256515 108.057630039 64.5812342488|81.3534014047 -9.72907312527 -66.4001312465 -9.72907312527 90.2547481811 -38.541107974 -66.4001312465 -38.541107974 357.695015091|
|68|0.000965090353484|243.344538794 -93.0767889675 56.3455555619|32.8109643742 -65.4038159061 29.097717107 -65.4038159061 252.308729106 -130.713749292 29.097717107 -130.713749292 96.6826661999|
|69|0.00482959455034|205.572003593 -184.198573829 99.476644079|59.4109747846 -4.47313325876 24.2364763969 -4.47313325876 126.379758377 36.1018874685 24.2364763969 36.1018874685 112.026113986|
|70|0.00418035028564|369.634820004 -20.4892045804 47.6178838858|29.2255760158 9.42821490066 -37.5709038707 9.42821490066 58.5564514017 59.6549767705 -37.5709038707 59.6549767705 467.632980385|
|71|0.0055196734803|329.41610777 -271.023156763 4.53616950281|147.03159434 228.444175543 -62.2645319544 228.444175543 421.900428975 -99.592507366 -62.2645319544 -99.592507366 112.178653999|
|72|0.000318052988336|301.116061488 3.21356244934 -12.2049298234|60.2850853862 57.7242115119 -132.433005016 57.7242115119 207.057154419 -300.738824287 -132.433005016 -300.738824287 762.876421633|
|73|0.00115433676541|304.905242316 29.7598193215 -78.666789093|34.87590612 20.4425668557 -59.3453717324 20.4425668557 93.3948975477 -105.519820306 -59.3453717324 -105.519820306 270.850277582|
|74|2.84090439756e-05|317.560727593 -86.2262939384 -34.8168311209|8.97286102631 -11.6600992871 21.365001884 -11.6600992871 380.071093319 -100.157798406 21.365001884 -100.157798406 118.8083383|
|75|0.00429748973613|309.837578641 129.567642765 -95.0308545116|64.8688100888 -123.420636537 55.2759606949 -123.420636537 558.822467758 -121.955168547 55.2759606949 -121.955168547 95.9436737085|
|76|0.00850984684457|242.587236711 -79.6766638264 72.8688184511|52.1093611831 -16.6749219205 21.1343924711 -16.6749219205 206.542447068 -151.828237108 21.1343924711 -151.828237108 271.651303831|
|77|4.02253298846e-07|275.888736622 -52.9140495789 -34.2360622749|15.2535143335 39.0774549352 -68.7911995384 39.0774549352 214.250241102 -237.64602882 -68.7911995384 -237.64602882 597.909471258|
|78|0.00558518226542|228.089393062 -157.209069287 33.708932258|84.7059697789 83.5970535931 -132.807897101 83.5970535931 135.961824182 -209.428328398 -132.807897101 -209.428328398 697.494945181|
|79|1.61895720612e-05|253.51487635 -110.338529157 -12.2286195798|162.217721572 364.575340814 177.013506824 364.575340814 892.414355085 475.722681653 177.013506824 475.722681653 341.013799196|
|80|0.0020433496402|223.019831873 -63.472744159 -24.6063705271|20.616308544 18.9896986131 -5.78069365207 18.9896986131 101.528032639 -56.8331468286 -5.78069365207 -56.8331468286 73.5304980009|
|81|0.000883386010444|303.947874787 8.94017812095 -79.3812918505|31.0198599457 12.7648596786 -16.1278915985 12.7648596786 29.3096740299 -16.2325056353 -16.1278915985 -16.2325056353 61.1951732898|
|82|0.000137907401505|294.71763999 -18.9104242943 55.8801741641|36.4698666802 26.3525223733 40.1976614757 26.3525223733 125.372673137 -45.607033946 40.1976614757 -45.607033946 353.937283597|
|83|0.00310439263098|292.256528891 -33.3883937753 94.1478256119|130.431621149 -14.5338172504 -32.004184638 -14.5338172504 26.3077381523 -3.39311030316 -32.004184638 -3.39311030316 224.168284829|
|84|1.20033322574e-06|274.159957996 61.4691331064 8.61910443033|23.3420980614 -49.3672777799 47.4964240191 -49.3672777799 280.408305064 -110.23755265 47.4964240191 -110.23755265 339.339401141|
|85|2.48538751117e-05|273.172792906 62.7463845606 -6.48686497406|18.1452390923 -49.9484181177 -18.9497635802 -49.9484181177 276.221315405 148.391433731 -18.9497635802 148.391433731 217.196142588|
|86|0.00165888054326|266.628584602 49.4510247087 0.83042733562|41.8355045396 6.7145727801 2.93842564727 6.7145727801 101.381614408 -89.0581660664 2.93842564727 -89.0581660664 313.949175534|
|87|0.000426020565535|330.492011062 95.1879771739 29.793560518|25.5251963425 46.6918994473 16.2995674938 46.6918994473 328.496161504 -40.4728119029 16.2995674938 -40.4728119029 90.2549702013|
|88|0.000289553062228|289.762390479 -29.6763900213 36.5706089302|31.6378545969 26.1611547357 11.273850093 26.1611547357 101.235409248 -112.796934426 11.273850093 -112.796934426 227.291454708|
|89|2.17472445561e-06|271.109932019 66.7522899972 -3.07248135151|41.2691873761 -83.4584709156 67.661075936 -83.4584709156 344.304435941 -113.514635168 67.661075936 -113.514635168 279.175912411|
|90|0.000356792146479|287.390513323 -29.2534299393 66.5179796445|152.706160506 53.9136668603 27.2360465201 53.9136668603 151.362152047 53.6134334206 27.2360465201 53.6134334206 93.9249445452|
|91|0.00100462761411|272.116559841 -10.5472640217 91.3787141367|54.1081402642 102.75539089 19.7214399281 102.75539089 386.324932509 115.299082042 19.7214399281 115.299082042 94.9423095824|
|92|2.31065880797e-07|271.090708493 66.9405157075 -17.5720914252|27.8089336114 -37.092681938 -19.280142717 -37.092681938 468.767228485 499.438631837 -19.280142717 499.438631837 691.701695278|
|93|0.0037493201689|241.343707911 165.353165446 74.4712522284|103.271076496 84.0955573698 148.992028689 84.0955573698 111.04664217 131.028760131 148.992028689 131.028760131 408.505814705|
|94|0.0037504638152|228.28928602 10.2917784462 -17.6050397777|63.354903681 44.1415419488 -22.2929261715 44.1415419488 100.18935658 -0.863885075041 -22.2929261715 -0.863885075041 190.773377479|
|95|0.00354562724384|233.660354818 131.673139138 24.648866646|152.995936845 -156.237480622 45.2927719692 -156.237480622 354.910473622 -319.093931726 45.2927719692 -319.093931726 467.165013914|
|96|3.14683231341e-05|257.846009606 99.9409664271 9.85560290687|73.8088286565 -151.771929203 -48.7152754524 -151.771929203 358.121305689 174.930851072 -48.7152754524 174.930851072 213.557473776|
|97|0.00348586969314|428.152459722 -41.9046616531 1.56939410391|27.7652227625 98.7105040869 41.4836688481 98.7105040869 485.127190963 158.064638953 41.4836688481 158.064638953 187.901051043|
|98|0.00513397216133|332.642119817 270.065961222 5.38203935554|143.119681152 -241.437182943 -37.6616228825 -241.437182943 473.928365267 92.5743282617 -37.6616228825 92.5743282617 115.547357229|
|99|0.00415448090314|328.186293861 -31.7800154657 49.9782635221|65.5390951551 7.94034693198 3.51814258379 7.94034693198 73.3959881189 -27.1675663344 3.51814258379 -27.1675663344 190.615848781|
|100|0.00824270113409|263.378035537 209.536856026 2.01121707096|25.7766031738 9.93321322143 -14.1358606998 9.93321322143 125.388051369 -360.345558673 -14.1358606998 -360.345558673 2127.30736982|
|101|2.80638746384e-08|272.975338265 70.0698765699 5.076623819|16.80756526 -48.9955648857 6.62190931826 -48.9955648857 410.745389835 -1.92901905057 6.62190931826 -1.92901905057 274.624454705|
|102|0.0106854634282|267.914737249 -195.60597326 126.900726|86.8156140871 -13.7636841686 -59.0582435895 -13.7636841686 171.376906377 62.2449280738 -59.0582435895 62.2449280738 215.316329731|
|103|0.000241973579244|259.290924091 91.652358009 -18.9236564417|30.9957547507 -35.8363568735 56.587917997 -35.8363568735 90.1903532484 -53.4702592854 56.587917997 -53.4702592854 234.291073402|
|104|0.000183834508355|275.500303383 -49.697167055 22.9628384681|22.809806686 5.05123086218 13.5385438579 5.05123086218 94.9797094864 25.3418238707 13.5385438579 25.3418238707 63.9636990661|
|105|0.00381848165507|221.87797838 154.739558339 26.8624747393|54.0475947868 -1.3205135658 11.5235229484 -1.3205135658 92.7593088121 -47.8694934296 11.5235229484 -47.8694934296 280.207859866|
|106|0.0034691774874|316.66323401 -92.8393778547 -73.7392607411|21.4879040615 -6.09606575739 13.3958803805 -6.09606575739 313.511403662 38.4158943081 13.3958803805 38.4158943081 109.807481398|
|107|2.73346562955e-09|274.567573653 62.5363088052 14.7402094496|16.1347474017 -53.8234218851 13.5824598524 -53.8234218851 570.243316113 -205.849840296 13.5824598524 -205.849840296 617.051526827|
|108|0.000563229903451|332.52503013 -90.6718692801 -31.3047592882|10.3079494066 30.1456042894 -30.5528758407 30.1456042894 154.565265631 -84.1229599436 -30.5528758407 -84.1229599436 151.695936179|
|109|0.0054980905556|328.746685833 106.199657779 103.18823162|134.413610279 -24.6132110393 -51.5576124864 -24.6132110393 69.7236717207 -18.2691466862 -51.5576124864 -18.2691466862 146.247471698|
|110|0.00590231675107|202.414729506 -168.120119373 63.7997521215|112.874301743 71.6052842443 -128.925883958 71.6052842443 113.477753388 -143.166183608 -128.925883958 -143.166183608 366.487356821|
|111|0.0018792969743|254.150617953 -84.1539995108 32.3526282885|44.2336709118 45.4007837577 -91.7568020381 45.4007837577 301.128455726 -89.9099939019 -91.7568020381 -89.9099939019 267.92873927|
|112|0.000868914343684|266.20818509 12.8121689337 70.1971407256|66.940323469 -22.3449705559 49.4275413201 -22.3449705559 40.9102968197 -30.2857416103 49.4275413201 -30.2857416103 73.0372930887|
|113|0.00329902994899|335.540684356 63.7927775228 31.4203249359|18.7021028183 -49.7334267282 -29.2405029536 -49.7334267282 286.489000462 219.768554102 -29.2405029536 219.768554102 489.529077814|
|114|0.00144512355856|219.710479523 -145.410551675 -0.593608415951|47.491112495 24.2370492033 -4.89685472297 24.2370492033 92.1802573895 -229.62869763 -4.89685472297 -229.62869763 769.867999898|
|115|0.00306261994138|320.584649529 59.7410988106 62.0051007772|24.4398037105 -16.676499054 23.5014381766 -16.676499054 81.6373299633 -4.12532945311 23.5014381766 -4.12532945311 392.497981517|
|116|0.00102536811076|285.016909205 -23.005276402 67.7256769537|151.254148165 59.6976615011 3.09828820177 59.6976615011 142.497712716 46.9461310303 3.09828820177 46.9461310303 75.3485252033|
|117|0.0056815596548|296.384746875 51.7698384873 -99.7306243168|196.224552341 12.1676998215 66.0675058123 12.1676998215 40.7839498307 19.9891723103 66.0675058123 19.9891723103 167.264386682|
|118|0.00029255799564|278.490428881 29.8606202466 -19.5472429493|218.678972536 -53.7372564504 -83.2359244371 -53.7372564504 25.1696519448 -6.83906384463 -83.2359244371 -6.83906384463 183.891867048|
|119|1.52894358852e-05|269.315611677 -190.825008427 75.0391489411|46.3321864553 12.6105044858 113.103607384 12.6105044858 23.3568969036 81.1375713296 113.103607384 81.1375713296 534.069701051|
|120|1.10503232934e-06|322.237722311 -76.6739304525 -66.6658375732|7.91674178459 5.24246266408 -3.70996286992 5.24246266408 89.719863386 63.8374776521 -3.70996286992 63.8374776521 266.163800432|
|121|0.000183813593086|283.995016284 -30.6585079294 23.0445636821|188.008361878 155.898227219 -66.2150125537 155.898227219 163.969481176 -134.586152309 -66.2150125537 -134.586152309 262.854189206|
|122|2.48347367178e-05|304.302552566 19.5832419093 -31.4605595211|96.0894950944 175.289421189 -172.166015911 175.289421189 439.226444529 -492.566292979 -172.166015911 -492.566292979 606.239209931|
|123|0.00368557456106|210.360537179 -162.980595655 7.04834490585|24.280095164 -6.34537565805 -44.4620025503 -6.34537565805 69.6521154097 -111.736525498 -44.4620025503 -111.736525498 675.152149113|
|124|0.004998395925|199.407407265 176.574176001 90.7986854869|61.9785611106 -25.4049158393 11.3140220765 -25.4049158393 113.537899071 -6.84769724644 11.3140220765 -6.84769724644 120.383925052|
|125|0.0100488057117|279.261637225 -176.993594253 66.2257635699|105.495098079 104.602077143 44.0514378535 104.602077143 195.515940351 18.5467331488 44.0514378535 18.5467331488 585.537212828|
|126|1.59375361521e-06|268.919841026 -68.9824688812 12.4687155527|51.633021903 107.728965047 -55.4854220609 107.728965047 423.235542727 -101.508834711 -55.4854220609 -101.508834711 217.885865373|
|127|0.00149601412813|256.394159728 -19.5747611921 77.5827300938|15.5640381243 52.5469178993 14.4505704606 52.5469178993 594.97570803 192.69141677 14.4505704606 192.69141677 130.372739629|
|128|0.000184188242296|272.108376863 26.3861528399 -79.173074682|31.9808224198 11.0926810206 33.1939452314 11.0926810206 75.7700031873 32.1629102487 33.1939452314 32.1629102487 70.2676793416|
|129|0.000770854140711|262.155123091 85.5114098012 -12.5745367782|51.2019825663 -81.2219292192 127.690038351 -81.2219292192 236.691882686 -195.864536336 127.690038351 -195.864536336 446.069873933|
|130|0.00417078250248|311.029155661 5.05358584254 -4.94081373605|18.8557246842 -3.11066269588 -2.0819509937 -3.11066269588 87.4585437713 -185.95294771 -2.0819509937 -185.95294771 1166.16656535|
|131|1.28746409613e-05|268.849423777 -40.1752425067 53.5415780119|57.7044259333 -4.73837641873 -17.1642218462 -4.73837641873 225.522761162 263.248163681 -17.1642218462 263.248163681 484.133019218|
|132|0.00225787333182|421.978424687 63.2435819942 -5.81236549685|51.6142610699 -111.085038975 -9.49207366562 -111.085038975 383.229012314 25.3799127788 -9.49207366562 25.3799127788 27.9130142167|
|133|0.00788507081569|232.625759798 -107.590447387 -68.980167645|154.576091843 66.3406884536 -137.046372201 66.3406884536 85.5762073533 -79.671451935 -137.046372201 -79.671451935 306.292837267|
|134|2.2290177657e-06|272.682534815 -57.6107406753 23.2280925787|35.7534738871 66.6598221748 50.9574216934 66.6598221748 402.629362365 396.993901126 50.9574216934 396.993901126 524.576962971|
|135|6.33214686844e-06|270.874312821 -29.614205548 63.3604705812|80.314469532 47.675777654 9.36401570012 47.675777654 309.803639663 265.776184793 9.36401570012 265.776184793 317.00932908|
|136|0.00163955751886|330.885878982 -259.069487431 33.3718395791|57.0103971506 69.1756721335 34.5413626266 69.1756721335 135.537977976 40.5832410656 34.5413626266 40.5832410656 51.8337238529|
|137|0.000468351639363|274.256556721 35.2147947155 -2.6426584042|64.3829314545 45.4440206185 -193.691167958 45.4440206185 92.6799940258 -289.654278791 -193.691167958 -289.654278791 1164.07107839|
|138|0.00628633400992|291.59449079 173.433939279 -77.2253698318|207.041746629 -179.914973022 204.800687617 -179.914973022 284.228109648 -244.023641514 204.800687617 -244.023641514 401.2020253|
|139|6.27715042654e-06|277.151170146 48.0939794377 -8.51347147811|21.9621039734 -41.0977578635 -10.7056050043 -41.0977578635 146.344461415 7.86210144777 -10.7056050043 7.86210144777 191.115253672|
|140|0.0013705637677|231.676349036 -3.59372402758 -21.5361246862|26.6947202986 32.5704943138 -20.1919786772 32.5704943138 73.7526182788 -65.783603722 -20.1919786772 -65.783603722 159.529627112|
|141|0.00646695987064|334.710040328 -55.3234630385 -41.4852400519|24.1194393855 54.3860269083 55.2684867669 54.3860269083 291.861375352 348.489070679 55.2684867669 348.489070679 981.406690974|
|142|5.95048436567e-06|273.79622126 -47.5881898155 56.6463118039|77.3129063483 11.5818801678 55.3503251093 11.5818801678 41.0965613616 42.3812745611 55.3503251093 42.3812745611 456.167928249|
|143|0.000305143805021|281.391639249 59.7887962904 -34.1069013269|49.221750345 -81.7277092613 -70.6781967486 -81.7277092613 193.242567859 141.864545472 -70.6781967486 141.864545472 146.079997529|
|144|0.0204668623018|337.834595401 -138.02902776 -0.368770769274|134.775009088 54.9382788057 -181.547249529 54.9382788057 194.797200019 -427.391625535 -181.547249529 -427.391625535 1424.39840014|
|145|0.00172478423938|270.095724096 0.0950670010954 -90.4875369409|60.4664830337 -124.896956449 -49.2590249993 -124.896956449 412.225085258 156.933446876 -49.2590249993 156.933446876 100.950728845|
|146|0.000304685532424|268.69873745 -24.5842923462 75.9620074899|31.9422082929 27.6405964735 38.6287393992 27.6405964735 147.796698373 65.9921247994 38.6287393992 65.9921247994 93.5130208805|
|147|0.00255266109778|319.700180355 63.4901926134 3.16312152487|16.1080034474 -5.24990872948 -38.2547748861 -5.24990872948 160.928597301 243.499667377 -38.2547748861 243.499667377 576.320938343|
|148|0.00339277178302|266.539403226 -74.8513893961 8.36051229139|80.5245702395 198.296962089 -27.6600454239 198.296962089 588.769738741 -21.3028507083 -27.6600454239 -21.3028507083 203.447903187|
|149|0.000630251001238|282.763383991 40.6090959444 -21.755254456|42.4349823068 43.3117379352 -191.528559263 43.3117379352 89.7252712136 -270.650604238 -191.528559263 -270.650604238 1063.51852942|
|150|0.00035505525909|248.364147067 -15.9368225031 56.2335953291|208.515903312 -196.426652968 180.994577686 -196.426652968 197.157426381 -170.53096019 180.994577686 -170.53096019 192.426431505|
|151|0.000345256742381|325.750646248 87.2972231398 29.4164682836|16.5099653533 2.57742372807 5.88889628655 2.57742372807 58.976595828 -31.8064975182 5.88889628655 -31.8064975182 77.0561301368|
|152|1.43665190171e-05|290.263196397 24.6579577998 -23.3030210836|17.7690031184 -19.1375818882 -17.2094796616 -19.1375818882 186.088601213 -203.849026712 -17.2094796616 -203.849026712 363.876892751|
|153|0.0052037391935|217.16338845 158.938235352 88.8796487409|123.104909775 -16.3527187708 62.9470466811 -16.3527187708 35.7293461346 1.14127909343 62.9470466811 1.14127909343 346.691793369|
|154|0.00352925839948|220.346006498 -172.615388717 -66.6468122171|41.9340398746 3.4717940501 -28.6252681866 3.4717940501 361.021575604 23.1814134263 -28.6252681866 23.1814134263 114.482377976|
|155|0.000572805074357|274.981692734 -26.3096343196 48.5616341308|183.069657017 170.660500922 12.4249325975 170.660500922 187.053066432 41.0584111638 12.4249325975 41.0584111638 283.006119564|
|156|0.00281821907903|328.093352738 41.0537914267 -18.0428795422|49.0611784291 15.3663959965 125.249000389 15.3663959965 80.7811147233 43.742442854 125.249000389 43.742442854 545.919265657|
|157|0.00101592465782|230.346950434 7.0867205164 12.0858534262|18.6261633395 -14.904333638 -24.739990835 -14.904333638 35.3870558707 23.1911214949 -24.739990835 23.1911214949 169.607409141|
|158|5.8424017488e-06|258.133183698 -111.717496167 -8.32526066793|273.393156437 648.671642917 510.066514142 648.671642917 1683.64131655 1300.42864771 510.066514142 1300.42864771 1029.96818414|
|159|0.00568720379575|263.657273098 -105.061050553 9.90123855452|90.7406083653 84.8346731357 72.3450746186 84.8346731357 153.25555921 -0.117683955308 72.3450746186 -0.117683955308 495.331227165|
|160|0.00820477907503|262.003708146 -203.2972534 3.77986519278|23.4194021945 -2.03865962359 -5.88622224326 -2.03865962359 98.565489592 -256.726673547 -5.88622224326 -256.726673547 2090.84560746|
|161|3.16320328833e-08|270.223701178 -69.1308935907 -0.221571570478|35.2465534305 93.1016255832 -75.9007070354 93.1016255832 495.706445518 -120.948908987 -75.9007070354 -120.948908987 495.875742258|
|162|0.000421875610498|294.9087219 -25.6970361904 67.489422151|43.4203209391 17.7809704014 11.6230819627 17.7809704014 170.026876703 56.1945679649 11.6230819627 56.1945679649 61.2161151819|
|163|0.00372319688724|260.121979866 47.2122124617 -14.2561750493|64.4156852729 -72.0634073425 156.281690752 -72.0634073425 176.262534677 -310.008536298 156.281690752 -310.008536298 741.205403063|
|164|0.00578348259891|229.244664554 187.070211611 57.7825790308|77.1439225226 -18.4506600778 95.3784485522 -18.4506600778 184.464150894 -262.2691099 95.3784485522 -262.2691099 689.471146498|
|165|0.00025730633567|298.369967009 14.8134638312 -33.5744700611|47.3458880547 -11.1062460487 -12.1242852079 -11.1062460487 203.30616159 -204.839085352 -12.1242852079 -204.839085352 314.220429373|
|166|9.42383912943e-07|273.70907581 63.046723847 5.63585989834|24.4526330628 -53.7338135235 45.1392994606 -53.7338135235 299.688436456 -89.9839083272 45.1392994606 -89.9839083272 310.499530467|
|167|0.00193489376457|322.031255896 105.604466646 28.1195748386|45.4708723626 -9.08172764427 46.5875508358 -9.08172764427 512.625212857 -642.491014301 46.5875508358 -642.491014301 954.32571415|
|168|2.2443286193e-05|279.419108713 30.6916045665 -61.2504013485|125.581569337 -64.5023116182 45.1241352179 -64.5023116182 103.301669434 -6.20998744375 45.1241352179 -6.20998744375 82.1659409137|
|169|0.00020388235394|266.018819937 52.5231062552 -44.4525656002|35.7243882102 15.0651412175 16.7800233192 15.0651412175 298.401357677 269.97399686 16.7800233192 269.97399686 286.490232386|
|170|0.00178961037339|266.424162316 73.3402676118 0.93374710891|39.1458531699 -51.2486853662 118.124368268 -51.2486853662 268.771670897 -200.910030514 118.124368268 -200.910030514 478.975027296|
|171|0.0095489084171|260.15591696 -106.967915961 -50.5847385231|70.6960481498 13.3856976552 44.0413726262 13.3856976552 125.607026611 -83.1838703837 44.0413726262 -83.1838703837 363.872343648|
|172|2.94608998993e-08|272.724744778 70.5473812324 4.00735071418|17.7091070494 -50.8782440251 8.59034343194 -50.8782440251 411.396360931 17.9142252727 8.59034343194 17.9142252727 280.122975246|
|173|0.00997759524079|342.343308511 37.9890463013 61.8824442295|115.165487417 -36.7246110565 85.3856911605 -36.7246110565 82.4056632601 -19.7154152833 85.3856911605 -19.7154152833 412.997782332|
|174|0.000482008150622|280.854922045 -26.7181746603 15.9797220754|337.171276355 235.451253395 -232.633855255 235.451253395 201.298709639 -254.331840035 -232.633855255 -254.331840035 475.842739472|
|175|0.000604964291531|267.793105781 63.5573665886 -21.0757710121|23.3108536622 26.5849274728 43.3100837784 26.5849274728 317.860472533 362.970609368 43.3100837784 362.970609368 543.852326714|
|176|6.6865567948e-05|242.829025281 144.3325917 18.7367715358|47.2744559773 -112.977246211 -138.186233465 -112.977246211 327.85568893 349.568718996 -138.186233465 349.568718996 446.975028965|
|177|6.83324172163e-05|325.786060579 62.6762120685 23.9830122923|20.8071006246 20.4892870977 37.8197082073 20.4892870977 290.965976127 360.879501761 37.8197082073 360.879501761 845.258577132|
|178|0.000952473312407|257.968352191 -75.6651854238 27.6578122065|59.0879661244 65.9198454605 -117.603222369 65.9198454605 391.721707705 -190.395324278 -117.603222369 -190.395324278 337.650260368|
|179|0.000138305941522|262.340692702 -77.0220532229 29.9191174392|70.481842997 62.5386318368 -106.987117199 62.5386318368 372.380862723 -192.62773191 -106.987117199 -192.62773191 274.786222758|
|180|7.44569131458e-06|272.659909074 64.2817235652 1.99868322467|36.7272196944 -74.9394381046 61.5069270951 -74.9394381046 307.578342949 -75.1977798599 61.5069270951 -75.1977798599 293.496510955|
|181|0.000518637169917|269.035084172 44.0264000602 -78.3987568688|32.411616213 -9.88681312497 -15.7076675535 -9.88681312497 72.1905392718 -12.1550253134 -15.7076675535 -12.1550253134 48.1874457809|
|182|0.00336937340826|353.811892417 -230.17319955 14.3526774228|34.0151097118 23.4110526043 26.2873477425 23.4110526043 97.1186910864 9.56189231815 26.2873477425 9.56189231815 144.58658814|
|183|0.000174299549513|272.374033201 56.1034826243 -15.9401828776|24.3116429389 -5.67385390892 -4.73756607795 -5.67385390892 50.3350766993 5.60141200174 -4.73756607795 5.60141200174 103.360439001|
|184|0.000140918928992|285.626904917 -25.8444122284 16.1023435946|231.522346671 151.885024933 -52.5736511863 151.885024933 151.261845491 -160.773898141 -52.5736511863 -160.773898141 394.135541124|
|185|3.04067466019e-05|268.567498694 -44.4842050589 46.5494406705|52.7747545625 -15.6777353562 -23.4213718612 -15.6777353562 244.119637359 281.913661533 -23.4213718612 281.913661533 478.983292448|
|186|0.00374926122971|269.126394726 -43.0630902796 56.8313486187|85.8529085563 35.2811927098 46.3671117474 35.2811927098 70.9422113657 20.1265532711 46.3671117474 20.1265532711 479.611492441|
|187|0.00101082763572|306.002728882 26.1107946132 -79.3713398265|32.7885614683 -27.1083577135 32.9729358085 -27.1083577135 155.954777044 -279.076088059 32.9729358085 -279.076088059 560.393395345|
|188|1.61631234453e-09|273.42146383 66.6906814431 8.71918745073|20.8727115126 -64.8875329533 -8.21893501991 -64.8875329533 708.668703726 -7.10925354332 -8.21893501991 -7.10925354332 478.162119828|
|189|0.00501130794211|329.748292425 -39.7677637234 17.9278309903|49.5934249393 37.7427420893 35.6398818657 37.7427420893 95.8621785537 64.2588611147 35.6398818657 64.2588611147 392.006349143|
|190|5.02776504722e-05|282.190355916 33.451569153 -9.74539164258|51.7592874014 -134.468873971 -4.32767388409 -134.468873971 391.916191295 -15.4829673763 -4.32767388409 -15.4829673763 67.491981743|
|191|1.67759113603e-05|285.370176235 -22.7381332381 13.4638017347|92.4958107804 142.12996993 -95.5588306676 142.12996993 270.661541261 -229.575778102 -95.5588306676 -229.575778102 320.565844387|
|192|0.00158655534349|294.244051293 -16.9603549386 56.5215217663|60.4485037266 41.8687145588 -17.5273789562 41.8687145588 126.232896399 -81.1831546094 -17.5273789562 -81.1831546094 326.540933372|
|193|0.00115274228671|329.760605879 77.0512948313 71.8524455571|19.093532501 6.71685434036 40.9393369535 6.71685434036 200.432304509 141.25206366 40.9393369535 141.25206366 304.444841713|
|194|0.000243119008685|251.36678904 -106.560935803 30.1933211542|2.3929990022 -3.08857720052 -5.41545803276 -3.08857720052 64.8213786249 -2.55703732159 -5.41545803276 -2.55703732159 46.4406253516|
|195|4.04858910603e-05|283.586660655 -21.3922827518 44.4176760885|118.11522624 96.3408376141 10.9704885597 96.3408376141 120.394292101 67.578799765 10.9704885597 67.578799765 347.658304838|
|196|0.000249545528972|323.682460675 50.3581746008 -8.61733283919|16.9744882754 68.1511827309 49.401918365 68.1511827309 383.955562814 318.298338717 49.401918365 318.298338717 345.785508683|
|197|7.99939786832e-06|273.800359628 61.6976601382 20.7300886351|18.6301035251 -40.9763943518 61.5108135666 -40.9763943518 267.252615087 -246.590047914 61.5108135666 -246.590047914 520.20151252|
|198|0.00665267810372|234.641336886 173.206527966 112.872677512|202.036053257 56.1250248076 -7.01409175441 56.1250248076 92.3299238914 -11.2996928435 -7.01409175441 -11.2996928435 107.842621248|
|199|8.53640420071e-05|276.413607438 54.1031945482 43.5386336498|8.04782782559 -25.0553426896 21.5837278737 -25.0553426896 284.063808834 -244.454661353 21.5837278737 -244.454661353 274.602809783|
|200|0.0040772920236|298.4776825 141.362720783 103.13350365|55.4763474731 -45.5790674917 -7.8494758697 -45.5790674917 131.293353282 -23.2360982233 -7.8494758697 -23.2360982233 76.5110881644|
|201|0.00138496748264|280.287656192 -23.8334863797 -73.7136634344|12.9262933758 -24.2432393313 -5.61989565486 -24.2432393313 238.704213676 -32.8272953706 -5.61989565486 -32.8272953706 56.1276907218|
|202|0.00391376642609|306.994176231 -54.5849828018 -105.490045932|125.864298828 20.7502717642 -123.737154835 20.7502717642 27.4485755374 -35.6520003916 -123.737154835 -35.6520003916 445.916920255|
|203|0.00245157011342|216.763662194 125.615100978 56.6759245083|28.1402058788 18.2225632058 1.2271423346 18.2225632058 95.1365211039 4.85797695477 1.2271423346 4.85797695477 107.931354496|
|204|0.00489735130625|288.842414191 174.062173551 -102.076230071|116.217245609 -197.414542742 138.81569567 -197.414542742 495.736506712 -255.371724081 138.81569567 -255.371724081 252.787886774|
|205|0.00548183351603|260.872672582 -102.044881904 67.5189012884|86.0783407138 13.438226847 -118.675555883 13.438226847 76.1576966818 -7.82743642589 -118.675555883 -7.82743642589 319.362538054|
|206|0.00150404559579|201.660126425 -109.418530964 33.7463723091|28.1160214992 21.9545242612 -25.0930702033 21.9545242612 43.5233074207 -28.2485648648 -25.0930702033 -28.2485648648 85.7085574812|
|207|0.00316626168445|344.395358288 249.45843282 -14.6089222483|95.2362837059 -112.856487172 10.6559671347 -112.856487172 183.897661288 3.02241110129 10.6559671347 3.02241110129 72.0184184099|
|208|0.00256056040666|219.352101005 -157.112186322 -54.4597383646|259.032627677 171.911025433 294.77684644 171.911025433 201.675053849 260.733388986 294.77684644 260.733388986 435.068488422|
|209|0.000282795105306|296.392661519 -6.48483682485 -2.34026587141|65.3399556916 103.55700191 -148.429777381 103.55700191 296.262808352 -416.532533037 -148.429777381 -416.532533037 666.100152053|
|210|0.00814685098305|303.081923401 -128.852135574 106.493931369|104.922120391 208.25413399 -49.0698729884 208.25413399 676.542655731 -105.971573863 -49.0698729884 -105.971573863 93.3270269127|
|211|0.00346655871969|257.709348276 103.145527629 -57.7229674748|25.8235565131 -0.276469109782 17.3278774552 -0.276469109782 77.954055 -55.0789548838 17.3278774552 -55.0789548838 406.968097486|
|212|0.00674853961991|268.586771646 217.201199027 -102.621839939|51.8125311111 24.2536550041 65.0375224768 24.2536550041 110.411487532 164.804900328 65.0375224768 164.804900328 536.573540144|
|213|0.00507246516005|328.500609339 77.7958227006 100.087269332|161.543027549 -213.662102487 -67.4333109857 -213.662102487 347.762256899 131.136118833 -67.4333109857 131.136118833 201.79388172|
|214|0.00120311549959|243.584108189 -191.514310646 -52.386168716|119.933521787 -109.674678653 190.113110498 -109.674678653 149.867248597 -268.522211061 190.113110498 -268.522211061 532.066482081|
|215|0.00801280419505|220.607266827 159.546222936 -41.3820547737|158.427018361 -45.5642395968 116.607526943 -45.5642395968 49.3027856736 -112.438092809 116.607526943 -112.438092809 628.185396106|
|216|0.00328467763465|261.159256029 182.848782334 -120.027515385|64.5316778649 58.4365668496 -67.6837022054 58.4365668496 109.422317987 -97.2778353791 -67.6837022054 -97.2778353791 221.847929581|
|217|0.000134453993856|270.963477131 69.3386920507 -5.98039710902|37.7282384466 -96.308295522 -44.0342368067 -96.308295522 382.344260688 247.52917869 -44.0342368067 247.52917869 288.503109171|
|218|0.00508947055684|280.513326397 63.0486162461 1.56236715689|12.4836740938 -19.395113626 -14.5099012215 -19.395113626 379.859347065 -195.251963649 -14.5099012215 -195.251963649 404.758259886|
|219|0.00243500291095|264.731504046 1.31638957136 89.8787204618|42.9274837428 65.798575748 9.9669080485 65.798575748 462.328350761 -22.5252913849 9.9669080485 -22.5252913849 76.6266379136|
|220|1.29018264553e-07|272.635633696 -62.6662324306 -11.5950540762|25.709312599 75.8506019234 -91.7030622699 75.8506019234 388.187920226 -262.310632212 -91.7030622699 -262.310632212 615.964952435|
|221|0.00187768474592|223.412516404 62.648534797 34.2580381455|14.4931692798 -3.04058214886 -1.71225288621 -3.04058214886 64.5399537579 -35.3546106391 -1.71225288621 -35.3546106391 88.9598698958|
|222|0.00240534318097|284.679398979 39.5685933973 -69.645795782|130.042073914 -34.8595475624 61.9738497919 -34.8595475624 103.093739465 -79.9293717472 61.9738497919 -79.9293717472 173.698348267|
|223|0.00124272235939|282.948259688 -53.3540586027 57.669239147|62.6737583312 2.24487815407 41.5330781414 2.24487815407 10.3598927613 -8.40884911443 41.5330781414 -8.40884911443 155.04247401|
|224|1.13700937149e-05|272.515840605 64.692644994 -3.57019659979|34.8022938069 -88.9409816041 -0.831876497823 -88.9409816041 365.652919454 106.851865709 -0.831876497823 106.851865709 227.62759203|
|225|6.5311469179e-07|271.064987894 69.3832939764 -13.1724809224|24.8547831517 -36.8528941638 -21.5234973042 -36.8528941638 463.659684722 502.047159096 -21.5234973042 502.047159096 699.748336176|
|226|0.00979153250744|268.437467054 37.6036106388 51.7358148041|60.446340883 36.1200507004 -41.9120281434 36.1200507004 163.657894457 -143.409752742 -41.9120281434 -143.409752742 477.175322782|
|227|1.85761325167e-05|266.848683909 85.5951672175 3.56920318|48.9638150138 -95.3920915001 -51.6202548782 -95.3920915001 279.554060903 229.815271988 -51.6202548782 229.815271988 349.047988674|
|228|1.01630213397e-05|271.90617702 52.9185501438 -32.2992811666|34.3694095628 3.75277786952 3.28671713692 3.75277786952 114.918947111 144.667325011 3.28671713692 144.667325011 431.057501663|
|229|0.00359571004764|256.924801376 -160.535145323 85.9058465073|81.8783519587 -33.6840510243 -18.4749543586 -33.6840510243 74.5591361706 13.6722697747 -18.4749543586 13.6722697747 86.6648763709|
|230|0.00303787123364|324.808461836 39.7079551397 -79.1726180441|62.4789303517 -6.79571050375 115.962285879 -6.79571050375 98.588408247 -69.1924840336 115.962285879 -69.1924840336 325.140153628|
|231|0.0116690838908|306.813713072 -142.313451058 28.8251739529|93.6461007147 83.7287337947 -72.0979000946 83.7287337947 264.603587014 -272.620541584 -72.0979000946 -272.620541584 556.864141706|
|232|0.00644280748855|232.428966021 111.670343808 75.0686865313|97.334079517 -48.3761917554 77.0515893213 -48.3761917554 96.1381723678 -62.0106947299 77.0515893213 -62.0106947299 254.086137266|
|233|0.00132234885057|292.50299333 -1.37301738903 26.2221339028|17.4569346861 10.3358138897 21.9647500643 10.3358138897 81.9716377344 -155.300223091 21.9647500643 -155.300223091 649.617809407|
|234|0.00160627746052|297.057278613 6.17708466 -51.7942957315|50.5870434516 -17.9022100381 4.72347500811 -17.9022100381 18.8225085014 -14.7594190395 4.72347500811 -14.7594190395 179.876077031|
|235|0.000820698262968|234.847252509 153.871974742 95.0571348163|67.5407456274 37.4886615279 102.316601389 37.4886615279 29.1240180226 55.1229149635 102.316601389 55.1229149635 270.849290801|
|236|0.00825449045814|272.48342133 -215.073033053 76.6101707877|62.1232886675 18.3667079488 53.5236432394 18.3667079488 121.877104472 53.6395793725 53.5236432394 53.6395793725 328.469195742|
|237|0.00594117706029|378.552450018 -30.2765918301 45.4233993284|42.5815386034 -8.21338716049 -91.4409310409 -8.21338716049 62.4217026776 67.074729817 -91.4409310409 67.074729817 550.811792066|
|238|0.00201459586442|227.975461027 14.4184257943 -23.3388409864|61.3102206565 39.2128810291 -29.505122365 39.2128810291 80.1261078527 16.1807440035 -29.505122365 16.1807440035 173.046614899|
|239|1.40293648473e-07|265.504322359 -73.0542015719 16.8935361036|52.7675545603 82.07189653 -80.6772769093 82.07189653 439.722433332 -14.6022230327 -80.6772769093 -14.6022230327 354.588278104|
|240|4.39804639504e-06|271.579863837 56.6958983835 -29.8031158489|36.7063189047 -2.81713124851 2.30920349759 -2.81713124851 211.000628654 211.300966658 2.30920349759 211.300966658 351.768924253|
|241|0.000493057054377|328.671575591 94.0695320341 22.7709791074|23.3229984229 33.0096950773 14.2089085887 33.0096950773 239.349985054 -24.7888648542 14.2089085887 -24.7888648542 51.5294330533|
|242|0.00347999948316|263.745921826 -182.085389672 66.1839909375|26.6156798996 -5.21189886174 -106.044642946 -5.21189886174 61.4719472376 144.224130133 -106.044642946 144.224130133 1455.63902889|
|243|9.70024228038e-06|272.602867974 64.5169439242 4.18437350578|37.6479030631 -74.2166716003 71.5481155137 -74.2166716003 302.364000279 -108.215899809 71.5481155137 -108.215899809 319.764891664|
|244|0.0106654868226|244.81565178 200.846142144 80.107644654|138.006191792 -48.8122916754 50.2035466325 -48.8122916754 130.443540869 -133.309685309 50.2035466325 -133.309685309 380.356385572|
|245|0.00252779399546|336.207416949 91.1044316147 58.5875066017|9.73218140429 30.6205529537 8.85026467986 30.6205529537 405.145639632 -155.91152255 8.85026467986 -155.91152255 379.068439736|
|246|0.0100791981917|286.610689338 245.54217137 43.2154276278|85.5916859962 -9.85726280496 -89.3002691972 -9.85726280496 43.8883685018 -12.6175514704 -89.3002691972 -12.6175514704 542.783151691|
|247|0.000743016607456|380.329648568 -24.2242704338 4.06472848466|33.8612105133 -2.97026691327 3.54242132604 -2.97026691327 20.5247153769 7.58821401714 3.54242132604 7.58821401714 24.3289732385|
|248|0.000456708616766|241.747126946 -141.332127359 -28.5823805073|113.705662563 197.416081224 69.9606193409 197.416081224 438.996806201 169.948431091 69.9606193409 169.948431091 91.7569293878|
|249|0.000644482299702|269.047355445 58.4512370417 -38.9696462531|47.9199099133 29.9160416629 29.160421527 29.9160416629 313.243577725 272.321281318 29.160421527 272.321281318 267.289317822|
|250|0.000243504746805|330.146631846 93.2838711442 27.1418629643|26.2687099887 43.2927200023 25.6277969366 43.2927200023 218.214807068 18.8775407159 25.6277969366 18.8775407159 77.6389110688|
|251|1.08948813849e-08|271.730231997 -67.6869942573 -9.19318050541|24.825318684 82.834345252 -57.2102287074 82.834345252 563.532531117 -112.662380357 -57.2102287074 -112.662380357 521.550110008|
|252|7.98721706355e-05|329.531207709 63.011209109 19.6235919208|64.8266780233 158.49636178 252.877936948 158.49636178 420.321700269 624.156411666 252.877936948 624.156411666 1238.06928804|
|253|0.000155113250276|279.838235137 -33.786406302 24.3009715502|86.200657006 57.1048954206 42.1067779995 57.1048954206 84.7672434591 -72.8866456614 42.1067779995 -72.8866456614 320.76000225|
|254|1.22517571161e-06|271.486465994 75.5082980862 0.279859060117|19.3053828955 -49.7900139628 -35.6754979084 -49.7900139628 411.143423658 383.610839965 -35.6754979084 383.610839965 494.150026502|
|255|4.99118892713e-07|290.184282301 3.40448012886 -2.99215544673|7.36468591228 -20.1041663307 30.5538349478 -20.1041663307 187.009892094 -239.356612219 30.5538349478 -239.356612219 460.957618864|
|256|0.00263172236355|419.764002535 64.6794559721 35.8604082966|26.214862687 -52.5782082075 -5.11704863907 -52.5782082075 368.12257712 5.65016190227 -5.11704863907 5.65016190227 32.5558809475|
|257|0.000492098323973|269.492398467 45.7026277389 -3.09844870523|49.9170680302 -12.2978260211 17.741856 -12.2978260211 104.26060868 -89.014452262 17.741856 -89.014452262 314.501545193|
|258|0.000379180376486|281.336719573 29.8653413884 -67.2324380633|128.315800236 -76.1069737736 58.7098003089 -76.1069737736 128.033355153 -49.9845877621 58.7098003089 -49.9845877621 84.3691763929|
|259|6.91520540995e-05|267.453985888 90.8577303892 15.2051936098|20.1002364698 -7.91804684771 25.7971456078 -7.91804684771 165.813229335 205.107015083 25.7971456078 205.107015083 386.350330113|
|260|0.00666586438751|230.1310892 -179.143216676 -51.727392377|46.504887743 44.3305385569 -92.2964523224 44.3305385569 266.560495174 -190.83535924 -92.2964523224 -190.83535924 528.957253383|
|261|0.00400303447271|222.119961563 -153.491517269 -18.5730417156|42.2145372259 -5.27763145742 -31.7070518892 -5.27763145742 92.7463143978 -94.427278971 -31.7070518892 -94.427278971 556.993075349|
|262|9.59635609044e-05|300.278478988 6.62667822171 -19.3860857966|57.095208035 69.5665127297 -121.074644711 69.5665127297 291.710733849 -411.743807246 -121.074644711 -411.743807246 777.819810116|
|263|0.00611167686209|226.586278354 -6.92858979005 20.5343810584|51.4953550861 -38.8896691504 31.6071432001 -38.8896691504 99.0977431719 12.0673127376 31.6071432001 12.0673127376 274.50500221|
|264|0.000303683096533|320.775538567 -86.8126171422 -26.1211236429|12.2671317305 -11.0007200527 23.3076106311 -11.0007200527 220.486498788 -120.846607546 23.3076106311 -120.846607546 122.048114509|
|265|0.000636482788279|315.115314386 -71.7062144276 -46.4500633802|11.3609465395 -18.4315528011 36.3939078133 -18.4315528011 250.882751013 -45.7851201591 36.3939078133 -45.7851201591 175.581991522|
|266|0.00571595050123|243.898172146 85.5477011522 -73.0751624172|46.1201356614 30.4537931128 -24.9451691021 30.4537931128 196.647929082 -166.097019418 -24.9451691021 -166.097019418 257.208789083|
|267|1.26268393928e-05|283.832792473 32.2594086309 -54.9563831952|143.816000326 -104.092247999 -39.5542162575 -104.092247999 164.84835285 60.3885120164 -39.5542162575 60.3885120164 65.0346637118|
|268|0.000169704690377|286.986140661 -43.0030159216 51.9296664383|77.0992516105 25.1607837124 73.7687921777 25.1607837124 42.8464939276 16.4054026703 73.7687921777 16.4054026703 122.833558382|
|269|0.0148071200027|319.307845389 124.942581029 27.3703137331|124.092898437 -95.9235742742 284.410948412 -95.9235742742 337.319983369 -515.951798362 284.410948412 -515.951798362 1235.85930726|
|270|0.00702308036875|316.064088228 -108.862342427 -96.8553675504|218.612030662 359.44082833 -56.9878935027 359.44082833 748.106673322 -154.864081742 -56.9878935027 -154.864081742 101.912864144|
|271|1.4871849406e-05|280.289627792 64.7873644534 -32.4606468725|20.2786467895 -27.2522990796 -17.4941702922 -27.2522990796 337.931568033 221.353139282 -17.4941702922 221.353139282 165.668370802|
|272|0.00127501848584|256.809643552 -174.484639347 96.7993257153|202.111415475 -70.0531233483 102.416327782 -70.0531233483 36.8361130109 -45.0988497125 102.416327782 -45.0988497125 128.233000403|
|273|0.000828544025822|254.928512459 -95.3103851364 43.8493347484|64.2940041021 25.1416737012 -88.9427954374 25.1416737012 140.974058385 -66.321500487 -88.9427954374 -66.321500487 237.898543853|
|274|0.0130915926903|321.758669683 153.154222892 -55.1937487949|151.453951226 -57.3956486917 256.949927809 -57.3956486917 173.7127875 -276.471441425 256.949927809 -276.471441425 929.150770513|
|275|3.32047712253e-06|273.339475154 63.1579968609 3.48959778968|30.3818753233 -62.763493451 54.3258674204 -62.763493451 293.141171553 -77.3935170595 54.3258674204 -77.3935170595 296.836604212|
|276|0.00499337673596|161.243133277 -153.618920105 5.92945768087|32.8078211824 -12.0440660825 9.11806488636 -12.0440660825 39.5089259631 -20.6184818332 9.11806488636 -20.6184818332 594.859387576|
|277|0.000326056578768|326.771137621 55.7522625408 6.90117650824|51.5060860015 126.031242414 195.293741235 126.031242414 350.108274943 497.804173905 195.293741235 497.804173905 1017.94402081|
|278|0.00203531759149|293.140060877 3.27963130838 95.0014478521|104.262074814 -83.853548393 -62.4983672098 -83.853548393 94.8661543345 70.7740853106 -62.4983672098 70.7740853106 122.036385921|
|279|0.00283110362569|326.317172075 19.1736544305 -47.3126617013|116.131158218 59.9125709316 151.59639651 59.9125709316 57.9912491379 78.0521202634 151.59639651 78.0521202634 326.122750808|
|280|0.00304153634746|293.198985829 39.0267310131 -82.201360681|292.1956102 125.716375661 153.713920789 125.716375661 85.4955542033 28.230709828 153.713920789 28.230709828 210.866325808|
|281|0.00013010940321|286.837953304 -13.2199630791 69.8787460165|86.0907386122 58.2089240881 -46.8809403853 58.2089240881 60.0426622865 -44.1506126499 -46.8809403853 -44.1506126499 81.8315494255|
|282|0.0083908150046|244.260240063 -171.148130175 -97.295532788|126.107885633 -83.1518774124 56.3288651963 -83.1518774124 148.424806121 -48.1066908493 56.3288651963 -48.1066908493 197.267927689|
|283|0.010663720286|272.680563482 -38.8289798618 -28.3395505595|50.4043056088 0.245384534857 -61.8565429821 0.245384534857 133.658203264 -32.252071078 -61.8565429821 -32.252071078 613.718251996|
|284|0.0058453557406|279.803202748 -178.161098758 15.687679924|271.558459753 161.13107018 370.15524449 161.13107018 133.887535838 222.3745901 370.15524449 222.3745901 679.381886445|
|285|8.97968556381e-06|272.836459506 66.6390698663 -4.44576905549|27.0418313458 -80.7572245029 -47.6097522518 -80.7572245029 386.648473892 270.364077786 -47.6097522518 270.364077786 323.288963623|
|286|3.90630877121e-05|279.765341032 -26.9911838949 66.2503481061|143.868065152 36.4253134366 17.9689704523 36.4253134366 162.555612541 84.846536682 17.9689704523 84.846536682 95.519822328|
|287|0.00257496102107|266.343270119 183.162082328 -52.1858195493|42.5326984358 -42.6911410699 -10.1818094966 -42.6911410699 102.8299548 84.9116625598 -10.1818094966 84.9116625598 231.840916441|
|288|1.24815218306e-07|273.03364091 64.5531647779 1.05486922732|23.2442834996 -48.3916009387 31.8459787036 -48.3916009387 320.969738995 -77.1267893685 31.8459787036 -77.1267893685 275.409450267|
|289|0.00331488743755|218.560164551 184.402287843 10.8519541552|39.5030424766 93.244153964 -14.0230105101 93.244153964 363.784396168 -142.636605772 -14.0230105101 -142.636605772 234.443720291|
|290|0.00211389110666|258.515247275 173.021233242 -79.1796271352|39.9065164242 36.6392039662 -0.843835605731 36.6392039662 104.304947146 -2.43825076259 -0.843835605731 -2.43825076259 60.4058167768|
|291|0.000962740013915|231.310373531 24.5666882097 -0.886829161103|50.851439949 30.9496831054 -39.7717094053 30.9496831054 42.903071859 -42.9651104191 -39.7717094053 -42.9651104191 80.5934648563|
|292|0.000555727408603|279.944322996 -61.2338469126 26.3295013016|14.256353093 -4.83526397241 -1.39395448515 -4.83526397241 202.625687821 104.197442198 -1.39395448515 104.197442198 88.6367923278|
|293|0.000715901085606|282.467408582 -10.9280652228 -93.5829124326|12.9729589253 1.72592274095 8.44881278355 1.72592274095 35.1421186951 22.0307926794 8.44881278355 22.0307926794 77.4495225856|
|294|0.000724176200742|283.582493769 -23.6131514194 26.8051843771|156.801145829 93.9254588194 105.562497378 93.9254588194 84.5197265001 64.7672015561 105.562497378 64.7672015561 466.80439367|
|295|0.00545037745574|298.444585901 56.6624855279 109.549199123|171.703925326 24.7705662917 226.931155844 24.7705662917 44.1309263762 27.8519260557 226.931155844 27.8519260557 494.830331099|
|296|1.29888020415e-07|311.974447866 55.2247142811 -82.1548458337|41.6098184296 -384.679617835 120.86891236 -384.679617835 4937.04326816 -1414.38649027 120.86891236 -1414.38649027 430.293548268|
|297|0.000318181007219|282.327658152 50.1710668943 -29.8445689126|55.8827828193 -19.2410043028 -151.620544747 -19.2410043028 50.8751961457 19.8249253195 -151.620544747 19.8249253195 511.89793262|
|298|0.00459337390987|175.21722205 -148.863172534 -18.4771258251|69.4710268461 4.51466422629 0.298707618735 4.51466422629 39.8702790225 44.9426237282 0.298707618735 44.9426237282 220.825427983|
|299|0.00258807801673|277.352440327 37.2495113262 -32.2894800568|263.760761055 -183.462915028 112.943959865 -183.462915028 175.327148773 -154.33994491 112.943959865 -154.33994491 290.184734186|
|300|0.00421666694663|327.647437483 115.133673703 10.1279234198|64.6567465606 78.2773286359 -93.9434117437 78.2773286359 294.348653937 -436.197640906 -93.9434117437 -436.197640906 785.048075739|
|301|0.000189230757628|272.427082923 -65.0951531665 22.7067946732|49.4863282194 -41.274548955 -2.72252641382 -41.274548955 204.93396374 4.08504081012 -2.72252641382 4.08504081012 39.321703478|
|302|0.00856752103529|216.884990381 -207.796342336 -1.539467418|49.5270656277 -23.9344328319 -25.3931699006 -23.9344328319 58.0369476143 -103.896098323 -25.3931699006 -103.896098323 1273.75307586|
|303|0.0038680701418|205.972130102 184.351482453 -90.857307485|77.2582133461 -9.47903573149 -32.9951657318 -9.47903573149 58.1291259772 25.5017281868 -32.9951657318 25.5017281868 125.321010947|
|304|0.000436275923049|263.053730974 -45.7730077204 44.745440665|30.0914174257 -42.2407250052 -55.1248635291 -42.2407250052 280.043270401 259.095108188 -55.1248635291 259.095108188 314.441317673|
|305|0.00502555944403|283.446709287 -41.701771706 -89.963753281|111.902547136 -110.597572756 28.3902116611 -110.597572756 200.803687064 -77.9310186091 28.3902116611 -77.9310186091 126.184212688|
|306|0.00558837826158|416.368271295 77.0110881285 17.1804452948|46.7805204901 -46.0110728079 2.38567462783 -46.0110728079 228.277606853 -7.35458760028 2.38567462783 -7.35458760028 110.496815739|
|307|0.00107619161905|269.143499572 27.8920958938 17.8370162592|77.6856656886 18.1544997324 -176.810672554 18.1544997324 31.8342246466 -106.885885135 -176.810672554 -106.885885135 652.724830619|
|308|0.00478880166826|427.025846435 34.2886286722 11.6266147106|72.7329941101 -131.968308728 -2.33861300315 -131.968308728 365.829578354 -38.3864096028 -2.33861300315 -38.3864096028 111.116324052|
|309|0.0017362504738|256.666323423 -101.688205372 46.8087601184|44.4049212578 14.0977772805 -45.1592053121 14.0977772805 131.209770048 -27.0195124652 -45.1592053121 -27.0195124652 116.865294962|
|310|5.18850630749e-06|263.466643298 -100.313006556 -0.713905778119|35.8432242933 33.3363504219 -67.4405552321 33.3363504219 391.422694561 162.200230335 -67.4405552321 162.200230335 435.843793814|
|311|0.00353982986418|317.873909059 99.0614236334 80.2960146609|29.258996633 -12.0770399771 -45.7531630528 -12.0770399771 198.639741557 101.938513698 -45.7531630528 101.938513698 268.166520949|
|312|0.0091459362398|170.176690174 155.189175677 11.2156880748|87.5981481499 -4.23195207907 84.6330905423 -4.23195207907 41.1824757566 16.2129350706 84.6330905423 16.2129350706 575.523674528|
|313|5.04834236349e-06|296.904369575 2.37335877726 -13.8352211039|38.9242519554 39.8536300063 -98.1638294319 39.8536300063 264.116929542 -413.516756845 -98.1638294319 -413.516756845 846.72333994|
|314|0.00509522299043|278.310041092 -63.6567305022 1.36966670844|37.4738027248 136.011211158 56.4155152786 136.011211158 707.140968404 163.390637227 56.4155152786 163.390637227 353.294316264|
|315|0.00660454857843|289.558451279 -241.582467396 -25.5009805203|71.373923757 5.16213135126 44.9818851562 5.16213135126 38.4745624752 -12.2781708342 44.9818851562 -12.2781708342 302.988956357|
|316|0.00105018407554|282.228845729 33.7818854426 81.4881618282|22.8472498806 0.295658538236 50.4935210045 0.295658538236 312.655741237 -72.2630159599 50.4935210045 -72.2630159599 160.407567319|
|317|3.14119026283e-06|269.58362558 -68.1375167158 6.76675989682|50.5294995431 109.067686451 -116.840524785 109.067686451 400.161816971 -291.240482916 -116.840524785 -291.240482916 452.076384449|
|318|4.49948238383e-06|273.953595397 61.5163252705 -1.84279372163|28.7382173964 -74.7507891792 8.10125481312 -74.7507891792 323.195677453 56.6679513173 8.10125481312 56.6679513173 230.44161783|
|319|0.00096663924801|248.285255943 -52.8915059033 37.0631733865|58.4760688361 -184.072021576 137.854458539 -184.072021576 673.400565291 -500.374138684 137.854458539 -500.374138684 399.465774604|
|320|4.48974240341e-05|285.345035892 -31.7452236833 30.2773052375|73.9055426809 41.3478004098 84.0139421326 41.3478004098 75.0019506516 -48.5501505317 84.0139421326 -48.5501505317 331.510941123|
|321|8.15671453077e-06|272.176899261 -42.7589706675 55.2409154113|70.9120451386 7.75015795874 36.7980708928 7.75015795874 97.3792910209 111.655042486 36.7980708928 111.655042486 455.102583564|
|322|0.000134338520289|269.367699181 -53.4954436817 31.3111035534|50.6497966474 -19.0793494413 -29.0757236039 -19.0793494413 155.188492594 120.249903771 -29.0757236039 120.249903771 183.023825414|
|323|0.00285157919919|246.968417422 111.54938014 -62.0843433913|43.5308438369 49.3225324003 67.0210395079 49.3225324003 91.4829088347 77.6089302894 67.0210395079 77.6089302894 304.135732879|
|324|0.000289730966792|294.305139485 -15.7610010439 5.88854065397|90.0513984331 103.261684905 -147.907207781 103.261684905 162.516291751 -241.525686562 -147.907207781 -241.525686562 414.998931454|
|325|1.50066458101e-05|273.175231818 50.8638542566 6.41814054414|41.3954225946 -23.2674261939 66.2751077362 -23.2674261939 97.2751533341 -30.3536083053 66.2751077362 -30.3536083053 400.225560126|
|326|0.00041301515107|277.524048078 -29.915319491 17.2039511736|502.299002443 403.918574481 -488.187280526 403.918574481 350.629527742 -439.971035586 -488.187280526 -439.971035586 606.798525246|
|327|4.9372033235e-06|265.408719797 86.409438009 10.3678686476|45.4207110806 -83.7335007753 48.6920027983 -83.7335007753 208.351402672 -42.048483575 48.6920027983 -42.048483575 133.817367857|
|328|1.85437795062e-05|265.232127166 -77.0923555759 8.61122265277|32.2438068378 23.1970468128 -47.2813046648 23.1970468128 465.029105199 265.413684645 -47.2813046648 265.413684645 397.878142662|
|329|0.00113034587475|240.77781213 164.803222143 47.7552516072|23.0975508039 27.1459674541 58.6981104228 27.1459674541 141.590727796 184.202978546 58.6981104228 184.202978546 317.651199549|
|330|0.000313744233097|269.166412399 217.574067057 49.5702291591|6.05573971861 36.6447902117 25.0312942586 36.6447902117 297.733067921 152.719948199 25.0312942586 152.719948199 188.564781951|
|331|4.00305359476e-05|279.676200425 -18.9979833563 73.7169578645|124.875473266 12.3944196179 -15.9655064433 12.3944196179 134.961800831 44.3000082108 -15.9655064433 44.3000082108 38.9755784337|
|332|0.000434186527057|272.563822251 54.1135100897 -65.1861649544|51.6461464126 5.94172015566 19.6113590645 5.94172015566 21.5866768367 54.2990317661 19.6113590645 54.2990317661 362.499735626|
|333|0.000261454951333|266.673786901 75.4292339662 -14.1729217937|79.2762853445 -189.222774049 -27.9971022527 -189.222774049 519.28324883 68.4059649788 -27.9971022527 68.4059649788 78.5423718675|
|334|0.000667550984333|270.07161121 -24.5553206069 71.1256128122|72.4026361328 35.8563169318 -9.39741666812 35.8563169318 127.434243545 81.4961548242 -9.39741666812 81.4961548242 165.240615609|
|335|6.48978743715e-05|290.330381887 -11.5400102907 -0.462207340748|52.1815000946 87.6696784028 -80.5305956752 87.6696784028 181.928694023 -160.78700224 -80.5305956752 -160.78700224 164.405072437|
|336|0.00127098076885|283.245735087 53.4492927447 -54.4628004129|42.66776889 10.1309601112 -103.042560744 10.1309601112 22.7433456738 -56.1704951975 -103.042560744 -56.1704951975 540.996768584|
|337|0.00481231403503|232.993023174 -169.598727716 103.12974676|307.650119605 8.77225918534 184.012740553 8.77225918534 30.9327960647 -1.25440679489 184.012740553 -1.25440679489 239.570717257|
|338|3.9451369508e-05|267.749566431 -58.2022965392 22.7310461922|43.3821258062 -12.0602058545 -25.0300995568 -12.0602058545 148.490820555 69.5346208549 -25.0300995568 69.5346208549 128.557184796|
|339|0.000574543923346|291.896716499 18.0358012527 -67.859409407|86.6767981592 -19.0541879174 -15.6640171121 -19.0541879174 24.7811723478 -1.0641811071 -15.6640171121 -1.0641811071 24.5943143991|
|340|5.65289660834e-07|231.445310781 -114.105355893 -46.4213335574|76.1611967882 99.9168527495 -21.5213022911 99.9168527495 160.317787902 -18.4329912673 -21.5213022911 -18.4329912673 26.0977639052|
|341|0.00241268576526|328.132821655 59.0964197057 8.20461331236|31.447881954 -11.3537776869 6.45084518926 -11.3537776869 207.806589815 112.361359297 6.45084518926 112.361359297 214.938966205|
|342|0.00468557798668|328.600652094 -72.1531438602 -29.305901842|79.3625770628 -132.024560717 -273.741910737 -132.024560717 322.039582967 609.154219008 -273.741910737 609.154219008 1385.31527934|
|343|0.00625490106206|267.969046662 -34.7715764836 106.906173305|87.9970939402 -54.6088265472 48.5120889953 -54.6088265472 149.585743335 -37.7607611583 48.5120889953 -37.7607611583 140.54867781|
|344|7.7332532481e-05|296.835456542 4.52928638073 -18.1967376443|33.90232766 6.94466209833 -50.108294265 6.94466209833 197.347980659 -270.853323139 -50.108294265 -270.853323139 569.64079934|
|345|0.000253187351786|274.825507372 -59.5294160969 29.5187323184|34.5909358641 21.2113645131 19.3933878553 21.2113645131 187.231343926 173.593716649 19.3933878553 173.593716649 206.689670803|
|346|0.00376036037913|340.927388603 -245.74471174 24.7346126112|81.4541659913 87.2113012846 45.0700769099 87.2113012846 181.906172511 35.6372575887 45.0700769099 35.6372575887 100.236559325|
|347|0.00887734365822|304.454687289 -158.931408368 90.2331115599|115.344758775 3.15882529906 -15.5501850215 3.15882529906 101.879978637 -33.4051665888 -15.5501850215 -33.4051665888 251.786141412|
|348|0.00785755120309|266.143839798 108.968436311 -14.9270011205|50.2245032331 -44.1055820328 -5.4459582198 -44.1055820328 106.534605187 -62.5436790735 -5.4459582198 -62.5436790735 785.811555826|
|349|0.000510232594646|251.282918004 105.850865194 -26.3622209053|1.99621714999 1.2807633589 0.525905481934 1.2807633589 243.124380061 164.41571552 0.525905481934 164.41571552 141.378041532|
|350|9.61594408989e-06|273.482403297 -12.8014844857 77.2949785579|74.5789755608 -2.01710939437 -0.319419741836 -2.01710939437 236.220267125 92.4170603922 -0.319419741836 92.4170603922 49.2731634785|
|351|0.00264767372795|322.874113236 -89.0916405227 -36.6715535361|111.997177489 -222.468298446 260.118327138 -222.468298446 523.223127941 -578.438823263 260.118327138 -578.438823263 733.301173251|
|352|0.00254215790378|238.110942077 211.438262667 40.055972226|104.528949992 8.74842201163 84.0175288504 8.74842201163 68.521753676 43.6452052918 84.0175288504 43.6452052918 169.435464563|
|353|2.28774070877e-05|266.610013706 -67.8067237277 16.5337284357|25.0598143646 -31.3116439472 -54.7492953729 -31.3116439472 465.548328283 510.631947993 -54.7492953729 510.631947993 677.887197901|
|354|0.00259701341976|275.885015308 28.2529685598 -40.4172026954|100.869577351 -68.9366225381 12.2018832704 -68.9366225381 69.3298352109 25.6892286636 12.2018832704 25.6892286636 333.442340819|
|355|0.0041638025379|245.576080669 -139.2355763 -13.0893228174|196.847970895 258.962457267 202.977543978 258.962457267 414.792893553 350.067534077 202.977543978 350.067534077 472.419157951|
|356|0.00307359639476|212.910351714 182.794708681 66.7802667122|24.2102754259 1.67397746543 -16.2235621753 1.67397746543 316.694410199 250.626634667 -16.2235621753 250.626634667 307.949608517|
|357|0.00716896200954|302.606419763 -6.38272678608 22.178198379|61.2343091603 -57.728119751 125.124666489 -57.728119751 250.426331515 -374.567082565 125.124666489 -374.567082565 938.524658906|
|358|2.32436031669e-07|273.918523502 63.9988992426 8.97982285|18.3325605143 -47.6529280891 33.3728166499 -47.6529280891 331.406420843 -115.747288817 33.3728166499 -115.747288817 335.557209636|
|359|0.000366872317905|304.038541797 20.6579682618 -20.1269602235|36.079210139 15.8254114727 -42.1452785886 15.8254114727 46.8427131553 -139.922267334 -42.1452785886 -139.922267334 607.914031995|
|360|0.00105418298005|261.187805765 -204.860703766 100.237076921|15.0810144569 21.4070884873 -18.4588982361 21.4070884873 124.116329712 -3.28363119433 -18.4588982361 -3.28363119433 108.718435386|
|361|0.00391994307665|246.836687217 129.378771462 10.5322507862|143.682152512 -275.494232321 -84.0407252304 -275.494232321 595.821166337 140.32479448 -84.0407252304 140.32479448 274.323512333|
|362|0.00118939342423|260.622302702 38.3555432375 -63.1836884462|21.6239519072 -24.565350439 -23.0293256303 -24.565350439 210.642419201 151.329830282 -23.0293256303 151.329830282 162.534072253|
|363|6.00887566171e-07|284.347151519 -0.497786532615 -74.0961095549|26.9105603026 74.8857104252 16.0884802378 74.8857104252 328.666087308 84.1832312763 16.0884802378 84.1832312763 29.6650469537|
|364|0.00489746877474|223.399597833 181.45799439 59.9334757689|42.5081941746 5.63150729286 52.2310945945 5.63150729286 262.582763384 -22.310644023 52.2310945945 -22.310644023 448.476072367|
|365|0.000400090021042|311.705539059 130.106479884 -84.067913745|20.876719758 56.3230318347 22.3739080955 56.3230318347 390.064706711 55.523008224 22.3739080955 55.523008224 39.0225186787|
|366|2.01950022258e-05|278.635634992 37.4542930963 -46.2781537198|174.384545286 -148.896907057 -9.36013346691 -148.896907057 184.796114705 21.925185418 -9.36013346691 21.925185418 163.655891324|
|367|0.00976823379253|293.894914631 165.577601526 -41.8996118024|193.874980549 -190.819331562 244.155267001 -190.819331562 282.526523268 -260.842167244 244.155267001 -260.842167244 600.338251739|
|368|0.000377801787758|298.275708246 52.1529550064 91.4543921425|92.9314269036 174.696667608 -116.108385026 174.696667608 346.521262555 -225.197239181 -116.108385026 -225.197239181 179.654399206|
|369|0.0135085066073|327.132302519 -109.878400814 -51.8791286207|93.3648553944 39.3179462159 -167.630211135 39.3179462159 295.154650443 -320.366741727 -167.630211135 -320.366741727 837.337334705|
|370|0.00388062731258|337.604132467 38.1876358898 -30.8274278897|38.2648910337 -29.9936078147 46.2267322339 -29.9936078147 80.5224803481 -38.9083093829 46.2267322339 -38.9083093829 330.756256363|
|371|0.00083986867798|288.776914052 27.5611308408 -52.44488326|107.631297234 -77.1922255545 113.502671035 -77.1922255545 146.36960283 -125.599852976 113.502671035 -125.599852976 275.594448276|
|372|0.0015659966879|256.099468151 217.329134622 33.7740767868|37.6554137106 15.5047260357 -23.5696867663 15.5047260357 44.9595992958 13.7346342257 -23.5696867663 13.7346342257 110.921595263|
|373|6.01504985504e-05|278.367373604 -27.6617825 38.029468484|169.827694982 140.64238128 -20.5845094137 140.64238128 156.562482936 10.4132155833 -20.5845094137 10.4132155833 406.592450503|
|374|0.0131053009892|333.899873261 47.9898618304 119.889831784|142.430878979 -48.4774583337 -114.632873221 -48.4774583337 127.121219701 30.9612634045 -114.632873221 30.9612634045 340.37894926|
|375|0.00366994899335|261.911433633 128.694140638 30.8856558797|53.0566164213 -46.8826916828 45.7619519314 -46.8826916828 100.651793545 -69.3807927828 45.7619519314 -69.3807927828 233.740158017|
|376|0.000368459132018|292.605461961 -7.05885404245 20.6964312809|28.4156094227 32.4739887031 -63.9250356462 32.4739887031 132.24357306 -184.380339459 -63.9250356462 -184.380339459 642.831698294|
|377|0.00611172683905|293.802222757 -48.5919444646 87.3015593423|256.77562578 21.5607463947 -22.9264099924 21.5607463947 38.4881998037 -51.4158898613 -22.9264099924 -51.4158898613 220.749771922|
|378|0.00028057652616|305.926447915 16.2118967116 -27.2875688792|96.4232519765 153.282145573 -151.782887607 153.282145573 386.75350881 -419.795657036 -151.782887607 -419.795657036 526.351440814|
|379|2.43523440764e-07|275.971632613 55.8218265595 19.3177835985|15.4814390656 -32.0646257511 30.1692819734 -32.0646257511 244.382885358 -147.574523908 30.1692819734 -147.574523908 471.410777454|
|380|1.58762535192e-05|264.44160283 -90.0136174913 5.09558149214|205.000393382 490.781051323 364.439338811 490.781051323 1294.4121388 954.928515665 364.439338811 954.928515665 754.809777716|
|381|0.000286683240912|316.810885988 -30.4397351898 30.4427292243|6.41000675846 -3.52290041007 -6.98965393891 -3.52290041007 80.604295377 33.4240570045 -6.98965393891 33.4240570045 33.5299075667|
|382|0.00123058585513|257.208344792 207.501960185 53.846542443|36.0969827976 39.4807641384 5.89948495085 39.4807641384 92.1712755577 -3.0781059739 5.89948495085 -3.0781059739 117.171861654|
|383|1.41053473043e-06|275.253522647 58.1655559346 8.32413598575|22.2377076592 -43.6223685203 40.8004419919 -43.6223685203 231.900120532 -64.5768690494 40.8004419919 -64.5768690494 331.685874605|
|384|0.00397395995198|244.169356917 -149.058638524 -2.32101707012|188.094185893 204.594149158 -105.567668911 204.594149158 243.327918942 -90.7757273498 -105.567668911 -90.7757273498 330.379722617|
|385|0.00907534916951|243.103758329 -200.785826882 -65.9619519341|153.301388567 51.3896247095 -55.163817911 51.3896247095 95.9149628032 -109.629473401 -55.163817911 -109.629473401 378.792910529|
|386|0.00530096690081|230.020097539 170.127525555 -86.6534928055|222.267480222 -23.8596071567 -36.3728173434 -23.8596071567 37.2380769877 -15.4728436037 -36.3728173434 -15.4728436037 153.493312505|
|387|0.00200342472837|325.199937 58.8353879552 31.918724809|27.8359543339 -11.5204172655 20.4855657575 -11.5204172655 195.737007511 210.099053005 20.4855657575 210.099053005 427.604458163|
|388|3.85935760823e-05|278.593450819 35.8047477886 -50.3963773304|187.986589702 -162.804485611 -5.39269026796 -162.804485611 204.183837278 35.8163648283 -5.39269026796 35.8163648283 113.297361499|
|389|0.0073048791902|324.179867573 -48.3314533835 -48.5745055393|43.335244619 44.6380088213 27.5494926465 44.6380088213 134.331881083 84.9158638398 27.5494926465 84.9158638398 599.167910092|
|390|0.0051997379485|418.042721621 -58.2527102796 -6.17432192224|24.450856193 63.865924855 20.1451886309 63.865924855 321.505731483 39.2125495021 20.1451886309 39.2125495021 185.232923806|
|391|0.0013765336381|307.948862343 -18.0063691336 91.7335610297|28.4561505768 -3.03752778646 -1.77589963664 -3.03752778646 81.5691025064 -40.3265760681 -1.77589963664 -40.3265760681 75.2198724675|
|392|0.00204365241623|241.025569102 81.5438971427 -47.6585955707|58.5904515416 41.9678375046 -0.760227472215 41.9678375046 111.660992259 -20.8821540481 -0.760227472215 -20.8821540481 45.5872091235|
|393|0.000167552874243|223.263874585 -147.786366307 27.5567200729|57.8540574031 -9.10347708524 133.968315378 -9.10347708524 7.35980770685 -29.1153395995 133.968315378 -29.1153395995 372.50404645|
|394|1.52682778101e-07|275.449102254 56.5770558617 23.1558761254|15.6212421929 -33.0485922144 34.3377696278 -33.0485922144 318.203018166 -269.692427668 34.3377696278 -269.692427668 562.882283115|
|395|0.00665410760079|213.528317379 173.259320419 -37.2578583993|109.827737657 -29.7763933204 148.40122179 -29.7763933204 53.7286962921 -129.247887883 148.40122179 -129.247887883 706.771705633|
|396|0.00144511341289|239.131943147 -203.551694344 -26.2699757288|203.508039783 -68.9924192656 -166.330493528 -68.9924192656 38.3983178819 52.9648042574 -166.330493528 52.9648042574 224.163699842|
|397|2.49463728887e-05|272.256389614 63.6791578546 -2.5146376067|34.651594915 -74.6906491253 33.0976173358 -74.6906491253 310.262664049 15.9051477912 33.0976173358 15.9051477912 232.211702667|
|398|5.16758477917e-05|280.073743168 -19.6313341637 72.9269555591|134.405288893 15.1425486224 -14.679579545 15.1425486224 131.666910735 45.1849260989 -14.679579545 45.1849260989 42.4035044507|
|399|0.00399192166186|264.786028527 36.7044386199 -96.9250725281|63.4597042657 41.0215971993 -68.7261893792 41.0215971993 105.977267401 -53.033252587 -68.7261893792 -53.033252587 179.889313551|
