#|num|weight|mean|covariance matrix|
|0|0.00111604754409|240.0767438 159.617340336 46.5795282108|26.3336701851 20.1927573414 46.1232929077 20.1927573414 35.3194212617 29.672192443 46.1232929077 29.672192443 212.051448736|
|1|9.81528617953e-05|270.994361472 -47.5354789481 14.7994396399|19.269532299 14.2555536318 1.70332288069 14.2555536318 51.0234173173 7.72854989593 1.70332288069 7.72854989593 57.5868852822|
|2|1.65639065301e-06|273.078185854 68.2751230984 -3.72719613195|22.0502864245 -56.6518940944 2.97390694204 -56.6518940944 310.481861724 -41.0302635135 2.97390694204 -41.0302635135 204.362874296|
|3|0.011412980489|342.912183774 39.527959966 64.3069039824|113.039543754 -39.3756280682 43.0917886615 -39.3756280682 100.959199635 20.0212047457 43.0917886615 20.0212047457 380.683593526|
|4|9.8555322447e-06|283.728520843 -24.4036645632 8.7806575903|74.070454974 113.658227306 -28.4093550572 113.658227306 208.951922762 -96.2837389055 -28.4093550572 -96.2837389055 190.536583643|
|5|0.00572825537902|240.954344686 -205.606211856 -72.0376392039|153.180356583 23.0806910598 4.64727288061 23.0806910598 58.8978532484 -77.1793227555 4.64727288061 -77.1793227555 248.195716557|
|6|0.00086317468497|279.888119904 -11.9542427499 -105.451933459|27.4569439519 7.01197960639 29.6148459385 7.01197960639 39.6146063895 32.2919851185 29.6148459385 32.2919851185 72.7516673379|
|7|0.00252437612498|240.958006417 -83.7748456287 48.7456321199|46.6042989462 -66.4009422604 -6.61991254683 -66.4009422604 252.863824239 -53.9465530324 -6.61991254683 -53.9465530324 76.9061459256|
|8|0.000566403271102|284.793890147 68.8774017521 -6.00170974928|0.836173603059 -0.970636379854 2.1581568454 -0.970636379854 229.924558733 -257.879359408 2.1581568454 -257.879359408 383.939451054|
|9|0.00151267294011|268.806317946 -5.05482848025 82.721149145|51.201150956 92.4374728226 21.4189167396 92.4374728226 544.852906198 51.8158558963 21.4189167396 51.8158558963 51.6913729735|
|10|0.00310387011148|239.577929189 72.0093683619 -61.2410766948|46.3254783621 -5.71928870779 -18.613331516 -5.71928870779 55.0096462862 -12.4691666644 -18.613331516 -12.4691666644 121.675827249|
|11|0.00419172037635|245.970623857 112.05886948 45.1070496637|72.8653839934 -36.3937702327 -37.461660735 -36.3937702327 86.0856247894 -2.62832730533 -37.461660735 -2.62832730533 196.597982382|
|12|0.00127555758936|320.93074179 39.6590467998 -45.2182945486|46.9180079255 26.1528952109 105.665085334 26.1528952109 77.7075878548 12.7775972687 105.665085334 12.7775972687 400.667193179|
|13|0.00253715826499|219.965132182 -148.118695931 -42.4648353843|27.6421132927 18.9590332818 -11.2257984275 18.9590332818 303.407941469 -166.567717218 -11.2257984275 -166.567717218 210.924774458|
|14|0.000271682492037|280.678753083 31.7146331031 5.6468244669|15.9972331873 23.4040261204 -104.454569034 23.4040261204 56.4229479685 -176.645296422 -104.454569034 -176.645296422 871.653381263|
|15|6.89435290334e-07|273.00190555 -57.1852022965 -30.498931693|8.56605769411 20.6746002209 -35.682745398 20.6746002209 125.737951901 -113.292103631 -35.682745398 -113.292103631 309.411193821|
|16|0.00186833300695|329.233334877 -100.240598904 -30.512662836|23.8875628805 -53.8205598857 55.4494480387 -53.8205598857 212.649539719 -210.805461614 55.4494480387 -210.805461614 339.797654301|
|17|0.00179515476597|276.03508633 30.0125650502 -58.9368951746|135.848843909 -140.165103913 -31.9978019867 -140.165103913 184.556386972 51.980744298 -31.9978019867 51.980744298 132.371636111|
|18|2.5203600668e-07|268.461890872 -71.8934618207 2.04940939162|21.1467788305 24.3588532759 -16.6087830173 24.3588532759 428.206429853 348.555586822 -16.6087830173 348.555586822 514.529112472|
|19|0.00121139256726|262.075193904 -76.7213833892 7.7334217055|69.6180589744 111.814037294 -180.80219496 111.814037294 309.077827511 -287.420150534 -180.80219496 -287.420150534 559.535650344|
|20|2.1674841712e-06|269.31931002 -22.000594836 70.103284237|40.1076492877 33.4720186224 18.2424288492 33.4720186224 268.261436249 225.234258679 18.2424288492 225.234258679 245.580833779|
|21|0.00631955180796|314.863016234 -108.45474397 -102.978014465|224.236062547 407.565147033 -79.3488800541 407.565147033 891.953005524 -206.371129149 -79.3488800541 -206.371129149 111.162326264|
|22|0.00105938687135|283.469179178 60.0108150095 -86.3483891757|60.2488588062 -0.856496864738 -41.2306284131 -0.856496864738 5.32458183359 -2.11577548026 -41.2306284131 -2.11577548026 273.946434523|
|23|0.000335618353865|309.774267762 107.75953284 -106.06191072|20.4177226608 -3.55936782631 -0.697846330115 -3.55936782631 26.4683084034 1.31434883565 -0.697846330115 1.31434883565 8.02850329026|
|24|0.00121779076548|271.280132415 -187.766663049 -17.3422807276|41.987989537 32.0323312472 108.947371646 32.0323312472 91.7520293747 141.177868363 108.947371646 141.177868363 428.007252592|
|25|0.0022064479207|280.153033643 43.6815642022 32.444523524|11.805128239 10.0064033872 -47.7721865738 10.0064033872 112.52470438 -80.7771842072 -47.7721865738 -80.7771842072 469.369379498|
|26|0.00850794566352|303.897475189 -140.309610643 13.9223847776|127.777776761 184.784715314 -220.586758959 184.784715314 430.423363175 -439.475488875 -220.586758959 -439.475488875 645.176865817|
|27|0.00460592790653|308.113289057 -28.6721869235 62.1448955726|52.5361536795 9.30860069526 -31.1903026045 9.30860069526 163.751482164 -164.004104195 -31.1903026045 -164.004104195 403.371988952|
|28|0.00010529081258|263.270290602 -36.1522392644 53.7509875153|20.9391554114 16.2258170208 22.7218444408 16.2258170208 269.920562267 265.065681211 22.7218444408 265.065681211 355.469710625|
|29|0.00263905790978|341.043767135 254.469507209 -21.1066637029|91.1417386671 -109.217553454 -8.94785257159 -109.217553454 178.245898705 32.2321329771 -8.94785257159 32.2321329771 60.8649925508|
|30|3.94533665051e-05|276.007109939 59.6874977377 -10.6753384117|19.7680899611 -4.56249952334 -2.23160411058 -4.56249952334 220.837310444 -109.516786415 -2.23160411058 -109.516786415 185.504067869|
|31|0.000400222227353|280.622113912 -28.3171997402 16.0974747934|308.230612003 226.718459854 -237.229575136 226.718459854 201.455276391 -250.799750956 -237.229575136 -250.799750956 428.189813282|
|32|0.00412937306588|337.344406586 38.4088898312 -26.549349591|36.3360995482 -25.2347882613 17.4770765695 -25.2347882613 80.4363487494 -11.9298828794 17.4770765695 -11.9298828794 320.327041376|
|33|4.71111447527e-09|233.060230281 159.287603788 28.7878220882|120.184658619 -243.884661381 -23.6029141425 -243.884661381 556.203117462 40.1874808648 -23.6029141425 40.1874808648 92.5682914172|
|34|0.000500057611027|315.116340577 -95.799053354 -45.2675116504|2.19475373606 1.03949322612 0.409101938017 1.03949322612 192.668432632 -46.1213772307 0.409101938017 -46.1213772307 59.9645823121|
|35|0.00256602094684|316.90562789 76.1796361334 55.4541358177|12.352285183 -23.1372173646 -44.1787205036 -23.1372173646 287.643444367 184.528927593 -44.1787205036 184.528927593 409.157963545|
|36|0.00127673542767|210.327215161 -170.872848114 19.0140951668|78.3962614951 -13.1818115764 -178.019262452 -13.1818115764 18.4489345301 8.4019054073 -178.019262452 8.4019054073 554.775389409|
|37|0.000140937946808|256.066918315 46.8432958156 -20.7114295614|8.35107074248 -6.61522556703 21.1360308785 -6.61522556703 39.6149163375 -77.8877176344 21.1360308785 -77.8877176344 243.970735439|
|38|0.00393923326763|424.678542994 -50.1124411978 -13.9789649242|36.8997093391 95.7365509341 60.8365691267 95.7365509341 422.209096725 137.724275361 60.8365691267 137.724275361 181.482776886|
|39|0.000350663000475|274.071772893 52.2863471527 -64.1365890984|37.5481618327 3.39455861924 -20.0471503294 3.39455861924 16.7871210933 -52.0021902725 -20.0471503294 -52.0021902725 803.171263483|
|40|0.00413527650142|307.443853197 -54.7714119525 -111.082887646|137.714144995 12.4268967547 -130.247230503 12.4268967547 26.0030232226 -31.5041520633 -130.247230503 -31.5041520633 436.961066941|
|41|0.00281683885618|313.115382912 119.590684421 -91.6646328842|35.6707239148 -32.676537288 15.7834204813 -32.676537288 280.916474201 43.6963924648 15.7834204813 43.6963924648 61.347125848|
|42|0.00115178578809|297.002316362 -8.58414024708 68.4680961153|63.1766628955 14.3900712193 27.4880204618 14.3900712193 24.0677150712 -8.39110789579 27.4880204618 -8.39110789579 77.6098691537|
|43|0.00203790858411|288.754601985 -153.688239607 78.6074519156|133.986959215 101.068422604 34.113612267 101.068422604 103.398660297 47.0635014823 34.113612267 47.0635014823 128.355848492|
|44|0.00287896260643|226.415745142 200.741288611 18.0372310546|93.1658466856 -12.3361189883 174.539319287 -12.3361189883 47.8662318465 -126.654359066 174.539319287 -126.654359066 732.68602031|
|45|0.00670649900596|269.502832859 194.892372861 -44.0595955577|52.8553563368 -20.2070419129 -7.07899621132 -20.2070419129 147.448072586 106.514632789 -7.07899621132 106.514632789 364.214898162|
|46|3.76298571113e-06|255.727448128 -110.462176658 -9.90845992271|213.963494658 383.400885233 315.112073148 383.400885233 801.840704991 621.133320852 315.112073148 621.133320852 507.062078941|
|47|0.000110783138102|292.162657919 -18.6158567131 12.1377198726|67.5016950014 77.9484936202 -98.4669010614 77.9484936202 181.702783271 -287.21367047 -98.4669010614 -287.21367047 528.130644108|
|48|0.00319892193461|262.023907598 33.7912752635 60.3116633101|26.7450226756 24.2968716737 8.9551920163 24.2968716737 124.901615973 -102.892148095 8.9551920163 -102.892148095 345.589272199|
|49|1.00656713587e-06|271.144080375 74.1616869075 -6.93853280104|23.5211040811 -64.2789715948 -45.2612381973 -64.2789715948 359.215310517 279.506369629 -45.2612381973 279.506369629 354.852615547|
|50|0.000250710237317|311.741090266 19.3844696284 -36.4785247904|18.4323267491 5.42003026251 -6.22628128395 5.42003026251 84.1640898099 -84.5903997943 -6.22628128395 -84.5903997943 194.492925742|
|51|0.00524711353366|253.878098571 -97.7952850842 -52.095008718|128.248102469 34.4430235121 63.4942709566 34.4430235121 51.4092324492 -56.1641032382 63.4942709566 -56.1641032382 318.100584475|
|52|0.000837093124581|283.330372077 216.059970731 -88.6181412505|10.8747124849 -15.4408469077 -26.7861363709 -15.4408469077 107.886085264 94.8138865311 -26.7861363709 94.8138865311 163.605233299|
|53|0.00403916125408|424.62125115 47.5473096095 -2.60843048949|41.3524875802 -73.1280624952 11.0256893834 -73.1280624952 305.83450878 -76.2595291172 11.0256893834 -76.2595291172 107.516857185|
|54|4.42860705213e-05|265.936460151 -42.2693741592 31.7266820085|289.987400978 230.371487416 -208.570886478 230.371487416 217.682304451 -214.571211423 -208.570886478 -214.571211423 314.396339477|
|55|0.00225302419134|320.366691582 107.970995294 10.1145847807|36.0159007014 -39.8398832325 32.9580741136 -39.8398832325 381.386863895 -337.594379365 32.9580741136 -337.594379365 356.415760595|
|56|0.00768701056022|300.714126661 -134.359800173 100.970351465|125.32103165 261.090124832 -63.8775468727 261.090124832 800.889880097 -141.101842962 -63.8775468727 -141.101842962 99.8607948142|
|57|6.33283140909e-06|272.239334171 71.0994454172 -6.57980854546|24.9490658497 -69.0481531914 -19.7382139565 -69.0481531914 335.431367459 98.9626004928 -19.7382139565 98.9626004928 212.976007129|
|58|0.00029707208586|315.981820987 -100.143199873 -58.0255324719|3.55104772405 0.604053511441 3.47642136406 0.604053511441 121.930394866 46.9943055549 3.47642136406 46.9943055549 58.2842553066|
|59|0.00194864557251|334.100321803 -245.958708302 11.3352012974|70.4981857694 108.323834987 -12.6500856082 108.323834987 192.9840818 -8.75722139237 -12.6500856082 -8.75722139237 97.0240138798|
|60|3.9329297265e-05|275.807193953 50.39654731 25.8479308226|13.6991925969 20.3035051447 -45.3774891229 20.3035051447 144.515347924 -134.254925651 -45.3774891229 -134.254925651 460.525806872|
|61|0.00305703647699|291.920470009 -32.5703010912 79.0791395894|156.761977414 -16.3212310201 -68.5828429725 -16.3212310201 57.0143865009 -33.6741451303 -68.5828429725 -33.6741451303 300.376104679|
|62|0.00489540998415|213.560977659 173.373567183 -37.107576044|109.427433708 -26.3239063121 170.293354561 -26.3239063121 48.6092866139 -121.307376495 170.293354561 -121.307376495 680.592119207|
|63|0.00318461452979|253.978515283 -172.120347581 113.610494181|42.9416749989 -31.2551792232 70.5658237631 -31.2551792232 89.4503269317 -111.202094438 70.5658237631 -111.202094438 354.471574763|
|64|0.0122760284619|332.900684829 49.0346562987 117.963168152|146.865813095 -49.8346525492 -117.544761207 -49.8346525492 129.3656757 27.0430053514 -117.544761207 27.0430053514 295.07391454|
|65|2.78477225588e-06|272.580073336 -35.5417248913 50.5643333677|61.2015757436 8.4640778551 -9.70048853661 8.4640778551 350.399053933 336.844902041 -9.70048853661 336.844902041 388.966669439|
|66|7.96621362826e-06|269.611385951 -43.6096087533 42.619242711|52.0602617935 -0.663882850715 -17.4956474807 -0.663882850715 286.082382061 310.007810686 -17.4956474807 310.007810686 459.159650989|
|67|0.0032295544589|213.753970465 173.352944069 30.3318901609|14.0057433146 30.8224726739 -7.45907017295 30.8224726739 199.220793425 35.6178259372 -7.45907017295 35.6178259372 546.759731033|
|68|0.000367389787259|230.556581758 -180.770490797 -65.6418357946|64.5548246151 24.6567898227 -87.4073305354 24.6567898227 161.735114322 32.8317401296 -87.4073305354 32.8317401296 333.853603582|
|69|0.000698694000987|251.856808109 -135.794698556 -32.7999326044|49.2919801372 21.3118568678 -13.8192691777 21.3118568678 69.0512146815 -37.5269326518 -13.8192691777 -37.5269326518 37.1697457785|
|70|0.00165197457802|277.686860729 26.32058661 -40.8827722791|119.804373429 -111.107831265 22.4991076527 -111.107831265 131.706994861 37.9837389696 22.4991076527 37.9837389696 257.658249501|
|71|0.000956331381204|267.830724842 41.9333109941 3.19419131782|47.2599578874 -3.82794071188 27.1427942865 -3.82794071188 65.2960806836 -131.253829402 27.1427942865 -131.253829402 668.786242818|
|72|0.00413560321412|259.913514141 -125.828251591 -22.449626865|71.022789411 79.901288187 -89.2223070049 79.901288187 143.868803582 -117.404094152 -89.2223070049 -117.404094152 329.802172885|
|73|0.00152886805214|336.714541778 88.1999785508 37.5779222331|2.75738333271 -11.5381609886 -0.730069232872 -11.5381609886 689.235715561 -14.9190735178 -0.730069232872 -14.9190735178 98.573620004|
|74|0.00454394389054|274.228206924 188.083175314 -12.6954523929|107.553341677 -62.7514871884 -152.823480884 -62.7514871884 91.6237593065 110.172212095 -152.823480884 110.172212095 403.760030668|
|75|0.000214068220137|267.109051502 85.1872383429 -26.5747636103|35.488217784 -71.6770610234 15.0083182721 -71.6770610234 265.044432156 -56.7668268166 15.0083182721 -56.7668268166 54.420391071|
|76|3.51772066411e-06|279.449627184 67.4146622641 -36.289353096|35.2179651659 -66.4716144299 -48.3332597049 -66.4716144299 309.954194154 196.415895912 -48.3332597049 196.415895912 140.74410175|
|77|0.00188356233321|297.387374661 69.7484745872 78.4304725108|94.8498216744 -2.843128573 2.36282587886 -2.843128573 36.2482522759 11.3038314176 2.36282587886 11.3038314176 47.1752703187|
|78|0.00336602719827|316.44658485 -24.0029204823 81.7291292562|73.9612990224 3.13543889766 -94.7852145502 3.13543889766 125.443708899 -138.698401293 -94.7852145502 -138.698401293 332.908910533|
|79|6.86210526692e-05|281.85114594 72.632420473 -33.4686038011|8.29717525044 -11.8359712094 -6.43775792526 -11.8359712094 167.980261708 108.006190656 -6.43775792526 108.006190656 80.7990703778|
|80|0.00199251471856|266.869894125 -35.6081185863 47.5287235322|272.402093381 279.518706516 -44.7652505796 279.518706516 321.089766646 -52.0021700635 -44.7652505796 -52.0021700635 175.027809349|
|81|0.00571645273376|220.761703558 210.207541518 27.6567437165|50.7808726956 25.0726773398 37.5147727494 25.0726773398 45.1323372946 -13.3988294568 37.5147727494 -13.3988294568 936.531755298|
|82|0.000357188830547|269.447410693 61.0150176717 -40.0116086768|39.413065691 11.8130978278 19.0420437411 11.8130978278 279.274416288 236.987828352 19.0420437411 236.987828352 247.840789289|
|83|7.8065134096e-06|279.206009774 44.4593401575 -7.53039499474|17.9304776812 -22.625329696 -45.8751959322 -22.625329696 84.6781948449 12.4031549775 -45.8751959322 12.4031549775 390.150264332|
|84|0.00656846643843|262.484826335 -204.547054946 2.19779501631|22.4247914535 -2.03408157151 -25.3630739729 -2.03408157151 118.530303018 -404.032438228 -25.3630739729 -404.032438228 2305.65520597|
|85|0.0022915632585|247.89884551 110.48548457 -58.7530324054|47.6279481221 45.2089681992 67.4427776009 45.2089681992 99.6323910844 38.5394549745 67.4427776009 38.5394549745 207.507919806|
|86|0.000907211294928|274.325143314 27.9838598087 15.2993865477|40.3444593217 47.6522999947 -147.196908995 47.6522999947 93.3619538066 -289.00427866 -147.196908995 -289.00427866 1071.31151183|
|87|0.000476791506736|280.584844224 -15.7429733129 68.4603988837|45.624103791 -0.0283077170647 -24.6588543128 -0.0283077170647 213.021158104 119.705122895 -24.6588543128 119.705122895 101.101887565|
|88|0.0107801740882|267.571506448 -32.5845326609 -41.7570595026|47.398728533 -22.033440261 45.4577512821 -22.033440261 197.701163326 -236.808451194 45.4577512821 -236.808451194 714.078002205|
|89|0.000547197435482|434.54718223 -3.19296218583 1.28775611921|9.01009046415 1.11273198018 -4.98920456392 1.11273198018 59.4586212058 -23.8064224535 -4.98920456392 -23.8064224535 33.2974372837|
|90|0.000172686124147|282.116971343 57.2129840725 -62.8472231269|47.4495905813 -17.8427449322 -67.8429932252 -17.8427449322 18.267473198 36.0775821294 -67.8429932252 36.0775821294 177.400759143|
|91|0.000494914737433|237.640768567 -8.25920953312 40.7805754131|49.8047830175 -33.5502121005 10.2451469535 -33.5502121005 44.7711369178 -3.69326326568 10.2451469535 -3.69326326568 25.2095838781|
|92|0.000654586861841|274.846921919 -180.132534565 110.913805974|30.0044900439 -21.5304610877 -35.8387320146 -21.5304610877 44.2378028421 84.1139010093 -35.8387320146 84.1139010093 239.610595171|
|93|0.000660252112609|269.540128216 -36.2743857425 50.2451450227|57.7991888673 -17.237331812 -19.8645316647 -17.237331812 302.520835355 305.332459461 -19.8645316647 305.332459461 375.916360796|
|94|0.000138232322753|306.187644732 16.5145837239 -30.1673196023|93.5514654439 146.650094378 -151.225873573 146.650094378 409.765632826 -498.590983242 -151.225873573 -498.590983242 669.329084344|
|95|0.00741324742495|213.893358679 -160.613469382 44.648743678|265.234968816 160.356689124 -279.913923174 160.356689124 149.52795531 -226.88319462 -279.913923174 -226.88319462 514.825016218|
|96|0.00135192351138|304.093543052 19.0052456956 -86.0755234713|27.4729915501 15.0045150674 -30.6172848784 15.0045150674 114.640732465 -31.26953452 -30.6172848784 -31.26953452 81.702120842|
|97|0.000168039614694|325.889604269 94.728985252 30.5358819254|18.1088747777 -6.77692735323 1.26943378071 -6.77692735323 646.112097201 -88.0455130907 1.26943378071 -88.0455130907 103.971406108|
|98|0.00428425604101|326.638747427 -39.4501141869 63.9941279463|85.2412626757 52.271466224 -146.970503294 52.271466224 74.6796545199 -123.532314333 -146.970503294 -123.532314333 498.439808245|
|99|3.96371963792e-05|308.136684557 28.5057275707 -43.9521260492|55.6262788131 79.8517603859 -66.653611737 79.8517603859 208.718093103 -247.396917685 -66.653611737 -247.396917685 344.876033921|
|100|0.000132611657954|261.918363055 -79.8045811875 23.667245753|50.065656286 61.6147480153 -92.8777125156 61.6147480153 290.247717173 -147.250581008 -92.8777125156 -147.250581008 239.508002896|
|101|0.00286865649815|310.132291213 159.430623078 -102.731170656|71.9092530715 20.770249171 65.0753710603 20.770249171 104.137726392 8.71585051004 65.0753710603 8.71585051004 106.925411772|
|102|0.00178995863531|229.082926548 151.856386951 32.2836654457|218.015415108 -118.912858879 -226.888982377 -118.912858879 131.770528146 152.462034268 -226.888982377 152.462034268 300.468961368|
|103|0.00185776419502|226.868128195 165.001642892 14.6377218318|36.2442602775 -46.3998156075 5.32254420354 -46.3998156075 152.205866264 -18.9933159456 5.32254420354 -18.9933159456 164.0184581|
|104|9.98972945645e-11|274.619347767 -14.2958033419 -18.3811743487|15.1909298351 92.356652994 -32.641352062 92.356652994 3323.76214277 122.957415263 -32.641352062 122.957415263 687.247650518|
|105|0.000143934645959|271.773999426 -42.2104832414 18.3168868614|47.0257453108 47.5673712199 -41.0204642259 47.5673712199 70.6925018028 -91.0838739388 -41.0204642259 -91.0838739388 221.755026982|
|106|1.88744084667e-05|289.431905005 25.8329496592 -65.7583486139|77.867107199 -60.7259562041 -25.3581937541 -60.7259562041 131.432142309 50.8288736839 -25.3581937541 50.8288736839 52.5349152954|
|107|2.51128782003e-05|279.062918627 26.3843302711 82.4068708241|53.2160070301 119.54682234 35.3453941045 119.54682234 519.66702034 12.7455202929 35.3453941045 12.7455202929 85.0728173875|
|108|0.000149160510759|322.42871437 -87.2162135756 -29.3368651485|11.7950718765 8.4648220103 19.5652088901 8.4648220103 306.727361992 -25.9606731678 19.5652088901 -25.9606731678 80.8381114998|
|109|0.002377922102|230.128145871 165.414096658 -93.586877328|244.268115191 -32.3534963897 24.7722945594 -32.3534963897 19.8139111341 -28.526371452 24.7722945594 -28.526371452 138.585293687|
|110|0.00132409706672|269.281617249 199.238326992 24.769126295|21.4454206865 -16.0859483313 -75.407893932 -16.0859483313 85.3332922951 128.955774474 -75.407893932 128.955774474 461.154851164|
|111|5.46092446829e-05|269.541584425 -36.3938540265 51.9568150877|54.3356617883 1.08061286714 -13.0330192745 1.08061286714 313.68532263 319.152341813 -13.0330192745 319.152341813 412.102092836|
|112|0.000321661133608|319.358717212 -89.8022800812 -47.7771784812|8.09121468171 -15.7456370487 12.0148397448 -15.7456370487 125.86251351 -27.615010989 12.0148397448 -27.615010989 63.2356199686|
|113|2.6272846157e-05|276.677586917 49.506670454 1.19164762199|13.5229695943 3.60972461597 -16.7814027805 3.60972461597 80.1586414597 -2.69282142083 -16.7814027805 -2.69282142083 451.602393602|
|114|0.000167799572804|273.725682635 -56.7647548352 28.1946289804|45.8656261459 13.456435667 5.00196828895 13.456435667 170.997970628 127.428475278 5.00196828895 127.428475278 128.761825053|
|115|0.0010876002468|228.753286687 -9.8728420522 -14.7014021872|22.6474353663 1.72111582228 31.1911681928 1.72111582228 43.0920567749 -31.2910690875 31.1911681928 -31.2910690875 146.486934627|
|116|0.00260475428118|323.888135987 -57.0041687451 2.59210788723|19.714028834 -13.9176548097 -24.5784421479 -13.9176548097 177.796627527 309.484133655 -24.5784421479 309.484133655 662.518335702|
|117|0.000307996633914|259.93185673 49.8858788934 -27.967110082|32.8051021489 9.49281633272 -4.61578704607 9.49281633272 29.8455102726 -36.118887982 -4.61578704607 -36.118887982 82.4095650614|
|118|0.00134427296349|237.818968451 9.84419134909 -26.4095319425|12.6148962003 28.3053745295 -8.00650246247 28.3053745295 107.872877638 -10.4421908287 -8.00650246247 -10.4421908287 167.312385662|
|119|4.39059733017e-08|269.940105235 -64.6843105607 9.1129239969|22.072246629 31.2745860178 5.17311908582 31.2745860178 497.490759654 551.899451596 5.17311908582 551.899451596 854.135092636|
|120|0.00373381526098|380.960537341 -31.5412650297 15.227257607|37.1182511795 -5.74886540473 -1.64575099634 -5.74886540473 57.9247262926 -48.0043961491 -1.64575099634 -48.0043961491 184.376530263|
|121|0.00993339421946|286.691884911 245.723030533 38.0384905285|86.3447490464 -9.83157741692 -92.5049236621 -9.83157741692 43.6975766449 -10.4134621204 -92.5049236621 -10.4134621204 544.466941993|
|122|8.67166902187e-05|274.804183899 -0.420598165623 78.8868106087|30.5050685745 52.2662548761 10.5035184119 52.2662548761 413.199431936 62.5213785193 10.5035184119 62.5213785193 24.1692144709|
|123|0.0062970231841|165.506510097 156.264611035 0.17507404564|41.2981211461 9.08765915379 27.0367205535 9.08765915379 38.8282297815 14.5761520734 27.0367205535 14.5761520734 626.288024017|
|124|0.000472674926397|251.313007465 119.799740557 -25.7799516513|1.88542064552 1.93901486302 2.64527227072 1.93901486302 47.1552831759 28.6446391775 2.64527227072 28.6446391775 178.249773251|
|125|0.00126943552013|335.74887424 66.3350425713 69.5496383262|6.27358922687 -2.22586356506 21.653561819 -2.22586356506 40.0005893508 5.12539781023 21.653561819 5.12539781023 563.622827726|
|126|0.00289362436364|266.389040542 -81.7468940607 -0.06931666045|78.6193365659 197.704288382 73.9226990745 197.704288382 590.950842658 241.999314183 73.9226990745 241.999314183 303.829509596|
|127|5.20679353976e-07|274.433742898 63.4564318024 1.39466391355|17.5117402888 -26.7247096235 0.223476376508 -26.7247096235 285.835384734 -147.595904942 0.223476376508 -147.595904942 299.100007782|
|128|0.000513423940553|284.324430334 18.1927840504 97.77437606|53.6619908214 120.863465062 21.5306921337 120.863465062 307.854180976 62.3042764165 21.5306921337 62.3042764165 39.9459355414|
|129|0.0022886723341|318.387227788 60.8679120795 -0.35089931152|11.2070250971 -7.65683457938 -32.6918531874 -7.65683457938 105.421686286 150.79149847 -32.6918531874 150.79149847 459.592976303|
|130|0.00312866251567|247.101563214 -194.726736141 -56.8293297408|116.721026092 -5.51669256175 -14.0232466031 -5.51669256175 47.0365869283 -70.9888624131 -14.0232466031 -70.9888624131 214.85188566|
|131|0.000108246863755|261.517661176 -78.9706002993 22.6831330194|50.0659271438 54.6665926181 -82.6550716526 54.6665926181 322.218251992 -86.412152314 -82.6550716526 -86.412152314 206.15518436|
|132|0.000740755894898|223.031995584 -165.019670668 -54.9536482116|30.6817335482 12.4160888904 -10.7815445091 12.4160888904 184.136407975 53.5444695148 -10.7815445091 53.5444695148 229.384741248|
|133|0.00528658028858|227.423986945 -109.336832463 -71.389263355|116.506975861 55.9486070043 -114.993315188 55.9486070043 76.1867930024 -62.1957084141 -114.993315188 -62.1957084141 263.174242543|
|134|0.00095471992667|306.143792967 26.0040651432 -56.1481726354|50.8594762643 27.6738617612 13.6787550176 27.6738617612 149.831032811 -170.263050176 13.6787550176 -170.263050176 356.191715074|
|135|1.47125306376e-05|270.828197439 75.1541608355 -18.0947860256|31.5179400425 -67.2936561194 -36.5476939079 -67.2936561194 387.373678403 237.944822517 -36.5476939079 237.944822517 248.759627752|
|136|1.17663102081e-06|268.283514425 -71.5516122944 3.38197945028|26.8454086747 66.8160354534 -36.2536897774 66.8160354534 416.460223017 -12.6245329172 -36.2536897774 -12.6245329172 227.688623031|
|137|0.00549000837258|262.12641135 206.976236415 8.0278091354|19.9841756073 6.27271191675 6.85142367154 6.27271191675 90.3688485033 -227.087380502 6.85142367154 -227.087380502 1665.31528228|
|138|0.0170803971047|340.908668361 140.134842959 8.6214161327|105.120970723 -28.5899888595 67.9870753215 -28.5899888595 190.725932394 -361.842300008 67.9870753215 -361.842300008 1076.05841832|
|139|0.000571814962965|262.744801956 84.8541690352 -26.7766171946|29.5340660657 -24.2188510612 104.468335123 -24.2188510612 237.905927631 -186.401394843 104.468335123 -186.401394843 524.004584508|
|140|0.00622293155326|294.932313248 164.20978195 -94.7931501357|72.9282076711 -84.2018116794 33.0962592888 -84.2018116794 234.172308703 -43.1102545182 33.0962592888 -43.1102545182 193.398218296|
|141|0.00185438104986|253.800141216 -93.0364697344 24.9094018036|24.01622071 20.8229289745 -56.8081687845 20.8229289745 184.416419923 -7.99111088165 -56.8081687845 -7.99111088165 237.1679559|
|142|0.00682956631688|275.097190233 -216.291119427 77.0110300097|51.5463513693 28.4792751086 45.108430224 28.4792751086 105.265384723 91.1767043317 45.108430224 91.1767043317 350.427093283|
|143|1.47316297423e-05|285.183753437 -33.9909619831 31.9875192659|92.8063298067 51.9804187251 87.0363768573 51.9804187251 84.0082010708 -54.8453658351 87.0363768573 -54.8453658351 356.091244232|
|144|0.00521159644213|200.688486793 172.344291418 89.2147773646|68.9387030571 -40.0128176626 36.0369876703 -40.0128176626 109.933119138 -23.5989903007 36.0369876703 -23.5989903007 136.645119919|
|145|0.0058070185554|221.555369669 167.270761746 80.0863780354|132.73951192 19.8749269464 67.1338713326 19.8749269464 117.695001601 -11.980514419 67.1338713326 -11.980514419 147.223182295|
|146|0.000315861097153|282.420676439 -16.5706824995 -82.4456776475|6.19132690376 -11.6351511674 -7.01473620919 -11.6351511674 83.3617269008 8.7844706967 -7.01473620919 8.7844706967 27.4889222077|
|147|0.00324476689396|317.379293532 30.4744403471 -84.587275514|47.1224748708 10.6132581503 33.9251703985 10.6132581503 125.277410932 -105.666256462 33.9251703985 -105.666256462 247.511785309|
|148|0.00054065235833|283.620473937 26.7024509744 -23.7680057598|169.608458089 -76.2344713698 63.7903910026 -76.2344713698 43.3073801805 -29.2179893072 63.7903910026 -29.2179893072 124.320627273|
|149|0.000502729271887|299.556125612 22.9699697315 -19.4968476519|84.8714703537 -28.6387357216 4.13160457389 -28.6387357216 24.5030138835 -32.6071925224 4.13160457389 -32.6071925224 101.909837299|
|150|0.000233664547949|289.306844542 -25.9091839492 18.6233888487|197.179111742 105.35426498 21.2828614964 105.35426498 102.783580701 -102.252543585 21.2828614964 -102.252543585 371.233366755|
|151|3.38496502878e-05|280.656071751 35.6691997786 -54.6827718082|130.963590032 -120.615397422 -42.2602279349 -120.615397422 176.559926934 57.5142360957 -42.2602279349 57.5142360957 137.40522006|
|152|2.35470776788e-05|276.504103777 -60.8436827118 25.6264658722|35.1702203348 73.0645440049 48.0463135628 73.0645440049 299.439679956 197.96075769 48.0463135628 197.96075769 150.148178333|
|153|0.00521489677666|261.805568567 -109.11520993 40.1882020398|52.5708488399 20.5850988751 -60.3566383672 20.5850988751 53.1341079369 13.9597414329 -60.3566383672 13.9597414329 557.191174318|
|154|0.00516494626857|329.077046245 -272.351348235 -0.93162066208|152.450619668 235.238523198 -65.2449604735 235.238523198 417.30939304 -105.127919968 -65.2449604735 -105.127919968 110.293867749|
|155|1.83758028544e-06|273.043118987 -58.0039960269 -34.0126054624|5.88810158441 9.01829640173 -23.0962807686 9.01829640173 56.6933365777 -64.4591992753 -23.0962807686 -64.4591992753 219.483340492|
|156|0.00595245015493|318.058457378 106.512511604 96.360360022|56.8922342067 -12.2508547465 -31.6738621327 -12.2508547465 101.57414784 -3.49303532941 -31.6738621327 -3.49303532941 182.57553161|
|157|5.91919238258e-06|252.672377385 -111.099998057 -13.3803718894|189.463544844 317.964143941 245.943739333 317.964143941 591.64237374 440.77002264 245.943739333 440.77002264 363.035167306|
|158|0.00316786137618|226.038230722 -171.41454519 93.7530749973|250.768964942 14.0478909267 139.074224538 14.0478909267 21.734549021 11.8111428727 139.074224538 11.8111428727 194.172929675|
|159|6.57140172531e-06|290.066638882 27.1241949538 -51.2973615058|86.1178765837 -82.5130855249 41.4610399088 -82.5130855249 156.409029196 -110.501587706 41.4610399088 -110.501587706 280.377467589|
|160|0.00239800608413|255.467185438 129.527471273 15.4505773259|81.1419739816 -59.9238643637 13.0569453454 -59.9238643637 153.967313685 0.796073396598 13.0569453454 0.796073396598 107.239159554|
|161|0.00352124020772|339.361984024 -251.989713299 25.9074542062|106.519444143 127.647422823 15.242914851 127.647422823 208.649927707 37.4076537455 15.242914851 37.4076537455 67.3004168383|
|162|0.000272233872991|303.456082484 22.3290543008 -68.8896259607|28.3482322726 32.0332428466 -22.1581311281 32.0332428466 84.5056804546 -16.1702227923 -22.1581311281 -16.1702227923 62.6353551498|
|163|0.000142065097506|271.76536018 42.7331202548 -58.4579907419|49.5660696952 -5.31084336098 5.19934120926 -5.31084336098 148.785524883 138.353465253 5.19934120926 138.353465253 232.074822142|
|164|0.000982123448932|259.783274953 -210.493704473 -25.0315425066|28.7665469333 -27.5367010652 18.4971908903 -27.5367010652 50.3629589273 -22.5511939284 18.4971908903 -22.5511939284 149.337491601|
|165|0.00664027395678|289.460862847 -241.391065816 -30.6805667817|71.4712232589 5.64899171245 46.3419005529 5.64899171245 39.9412596435 -12.9449172901 46.3419005529 -12.9449172901 303.140460487|
|166|0.000635288494058|315.419726171 -45.3410039216 19.176385457|3.01951560577 -0.755943491894 2.75193535229 -0.755943491894 113.400872265 209.943710051 2.75193535229 209.943710051 465.631491313|
|167|0.000780800559087|267.137679102 31.4827622599 44.2206369246|50.9818152737 57.0830549186 -45.2274967092 57.0830549186 208.111130182 -144.102130921 -45.2274967092 -144.102130921 157.152571446|
|168|0.00281908822128|422.490181674 56.8555546492 27.9288349372|24.7940302061 -48.5604691043 -19.8774000942 -48.5604691043 349.640942284 48.8115546594 -19.8774000942 48.8115546594 65.7093516893|
|169|0.000483847947599|270.387843137 60.7809136537 -41.9661371975|43.416953398 19.1834398457 19.6182475044 19.1834398457 290.429624246 249.930798162 19.6182475044 249.930798162 246.853469702|
|170|0.00533151615362|294.688496099 -43.9524197585 109.353144082|174.586716084 -21.3099961048 -52.1176261205 -21.3099961048 79.7296899121 8.97473401422 -52.1176261205 8.97473401422 86.8433967848|
|171|0.0130019247048|323.43252809 146.764758001 -48.3784578066|136.25517686 -76.7633310889 142.553071417 -76.7633310889 249.753456383 -366.10773779 142.553071417 -366.10773779 739.211061624|
|172|4.42463764013e-07|268.334759276 -73.8681682785 1.25544791154|22.2804927197 46.9912244762 -19.6308902337 46.9912244762 430.78453487 149.646141214 -19.6308902337 149.646141214 296.911540215|
|173|0.00174178580402|252.525226763 -216.286286245 -33.0263889361|49.7718771341 -24.1722329043 55.0181610914 -24.1722329043 40.0194664595 -19.6421304927 55.0181610914 -19.6421304927 162.160779432|
|174|2.80548773037e-06|273.703168035 65.8048935179 -2.68409613638|21.105047566 -47.6378928206 5.8362737501 -47.6378928206 293.84420975 -76.9335630818 5.8362737501 -76.9335630818 224.852032435|
|175|3.52126910146e-05|291.383193616 29.0365900615 -42.9123585068|57.5421740171 -60.1214139354 56.1962928543 -60.1214139354 156.272339941 -209.25412176 56.1962928543 -209.25412176 437.268974598|
|176|0.00170506622365|235.944682717 -151.924718525 -41.8911672389|35.8291207251 10.152090294 47.3286798893 10.152090294 73.932143902 80.3862057345 47.3286798893 80.3862057345 234.369936079|
|177|2.61340042425e-09|272.634827537 71.9741232872 -1.0362889057|17.8275812459 -49.7194985729 -8.38781272565 -49.7194985729 398.990549184 -21.6527151487 -8.38781272565 -21.6527151487 240.177882762|
|178|1.72648979907e-05|274.462839465 48.9937591293 21.2283282785|12.2692203727 6.44551053655 -21.1209511919 6.44551053655 83.470716758 -46.847728847 -21.1209511919 -46.847728847 423.801327336|
|179|8.45497353307e-11|274.052732546 -7.27186199725 -2.7955766467|21.3122747546 67.813070763 -76.8726101388 67.813070763 3302.00752242 60.9847402712 -76.8726101388 60.9847402712 1185.39311966|
|180|2.16257874956e-08|268.623593899 -72.0990197592 -2.51015292423|21.917883114 49.8213533517 -46.980570159 49.8213533517 450.350701143 34.1452689839 -46.980570159 34.1452689839 371.613687188|
|181|0.00143219029011|255.585552134 -24.9749268793 72.6643484406|14.1636401135 -6.23233751055 -12.7252911313 -6.23233751055 78.9215455609 25.1472043446 -12.7252911313 25.1472043446 118.79174296|
|182|0.000505170614056|264.82391428 49.3692660728 -81.1868224767|23.9632170628 10.6441298352 12.2571386904 10.6441298352 31.5715184591 -14.6216938486 12.2571386904 -14.6216938486 78.153818939|
|183|0.00472753973183|331.036851615 273.716703508 1.76554487264|121.922785625 -199.693810292 -31.9017998641 -199.693810292 392.430176017 79.1718232337 -31.9017998641 79.1718232337 105.513429923|
|184|0.00114097093814|307.057275157 -121.795449051 109.497570588|42.8279186596 103.232927538 -28.2319720481 103.232927538 597.500979908 -85.9043625061 -28.2319720481 -85.9043625061 33.0658728001|
|185|0.00432384046329|272.504660462 42.1071621576 -103.652338165|53.9849964168 16.189425419 -30.7538163799 16.189425419 87.0431608343 -57.3148592831 -30.7538163799 -57.3148592831 216.148521477|
|186|0.00036729653338|328.611602238 95.336149349 33.9553669156|16.5735694218 16.6280282132 6.56216682179 16.6280282132 625.853568253 -30.2235963007 6.56216682179 -30.2235963007 109.624705674|
|187|0.00147459000817|269.726425284 -2.93922103601 -96.027914905|44.6076374664 -92.4689569095 -33.5222141787 -92.4689569095 368.66560721 139.209204728 -33.5222141787 139.209204728 83.862112465|
|188|2.31810228952e-05|277.014133689 48.3359950924 -12.4684053696|13.1498425811 1.20948759909 -40.1588039452 1.20948759909 57.7207215954 14.981447594 -40.1588039452 14.981447594 737.779109606|
|189|0.00010478580408|293.023708031 -18.810382178 48.3813822458|78.382297969 52.4156465328 -17.4035619975 52.4156465328 129.26832946 -90.0356906672 -17.4035619975 -90.0356906672 285.484035228|
|190|0.000297497878439|261.516819524 -152.812529993 77.544227473|24.0298922018 -19.6374668679 7.33761512831 -19.6374668679 34.4802838037 3.46833696416 7.33761512831 3.46833696416 19.1650038638|
|191|0.000668070720248|286.546472626 51.3992546826 -56.111417752|23.072246539 6.68328955876 -72.3913892137 6.68328955876 24.5347545084 -48.0466516643 -72.3913892137 -48.0466516643 391.813650435|
|192|0.0017365585311|259.421931151 219.187927887 36.228752964|32.5885392092 -0.289285850512 -34.4347835539 -0.289285850512 19.7240551728 -14.3453799077 -34.4347835539 -14.3453799077 238.250773501|
|193|9.72582674898e-08|272.141557971 70.1703915223 -2.13989067427|18.2820935949 -45.9995830885 15.8556502695 -45.9995830885 311.736921216 -113.314461694 15.8556502695 -113.314461694 241.430648328|
|194|0.00524429856248|265.436265653 107.714236 -11.7152832056|46.9189016641 -36.6002521657 -18.8731047653 -36.6002521657 98.721538192 -72.4839062676 -18.8731047653 -72.4839062676 634.918292917|
|195|2.4717436612e-05|280.548486965 -31.1988118056 47.7476829674|131.79504582 109.139572859 17.3628008648 109.139572859 166.876832582 37.5394543547 17.3628008648 37.5394543547 146.357377621|
|196|0.00302076144995|267.159416903 -181.106507048 35.6285330392|45.9693679407 52.3529029279 38.9437470523 52.3529029279 85.9923134844 87.776907413 38.9437470523 87.776907413 554.316842971|
|197|0.00426574281022|204.924166815 184.479111901 -91.9904023011|78.9139429031 -5.54871259874 -20.1856716652 -5.54871259874 53.891489091 -1.98446707919 -20.1856716652 -1.98446707919 130.257102511|
|198|1.56930255378e-07|286.181537704 39.5769004515 -68.7034937008|125.411508797 -43.0691509689 -73.6774696856 -43.0691509689 87.6904082372 -2.38933841927 -73.6774696856 -2.38933841927 145.405852094|
|199|0.00371849659665|273.710657617 26.2207879373 101.490275691|54.4030315762 55.6778528965 26.4584977187 55.6778528965 220.113836433 39.6213101198 26.4584977187 39.6213101198 66.1543761147|
|200|0.00056171086208|239.677003589 -17.8616159293 14.4487140481|51.5981288124 -145.849370918 30.659165685 -145.849370918 463.109596722 -95.2007834908 30.659165685 -95.2007834908 38.1560640233|
|201|2.28788922075e-05|283.082057596 -29.3721303472 17.3367533862|101.644425918 103.786263873 -15.7329764763 103.786263873 160.027169489 -117.478822377 -15.7329764763 -117.478822377 294.13035184|
|202|0.000836319796085|386.893674876 31.5617402619 -20.98339692|10.8535509794 9.04858085748 8.74870337757 9.04858085748 28.6119100133 7.35453498105 8.74870337757 7.35453498105 123.673787735|
|203|0.00147427355148|247.5701708 191.011852074 56.7424425058|55.367146722 40.5151773501 -41.443718471 40.5151773501 91.3078665168 -125.5532561 -41.443718471 -125.5532561 229.397710071|
|204|0.012087845026|334.046977353 -37.8534810435 -37.7447473431|70.7984971599 43.7940352973 -61.6425523137 43.7940352973 95.6871945257 -17.3561519795 -61.6425523137 -17.3561519795 1036.55652577|
|205|0.00010285115896|225.445763776 127.552356566 40.8249930263|2.83115042793 10.6326177802 -0.0116635398088 10.6326177802 121.284560017 10.08912296 -0.0116635398088 10.08912296 4.41005597277|
|206|7.9819543441e-05|274.328614673 -36.1399090133 37.6667809031|105.260609994 103.244480433 -6.36399280296 103.244480433 162.93984078 18.9565028031 -6.36399280296 18.9565028031 318.125355528|
|207|7.75364877968e-08|271.312799744 77.67631749 -3.63981050204|21.6814940621 -67.0119277833 -31.6801162672 -67.0119277833 389.101561257 192.606623519 -31.6801162672 192.606623519 278.274124605|
|208|2.26840115992e-05|272.76861995 -53.2134545844 -21.0318536153|4.97899795649 5.24384441633 1.89888235414 5.24384441633 50.4896746976 77.8324002647 1.89888235414 77.8324002647 439.059123452|
|209|0.00051658637532|254.588913554 -51.4335835314 38.3291671202|153.201060823 99.7632946935 -129.770667004 99.7632946935 99.7652162687 -121.393749418 -129.770667004 -121.393749418 243.962311038|
|210|0.00049949959191|242.62991104 131.506998567 8.2634673217|23.5021133769 -56.7148377174 -1.30826195434 -56.7148377174 187.326680526 -31.7938952945 -1.30826195434 -31.7938952945 104.881844854|
|211|0.00183735578681|262.780162681 6.60043948673 79.3628984205|25.3916171074 -3.37101990535e-05 14.9134235527 -3.37101990553e-05 202.699282646 -59.8383239312 14.9134235527 -59.8383239312 107.168013488|
|212|0.000580985421715|333.525300768 74.066739072 15.2394801253|10.8110401762 -13.4826665724 6.10093352463 -13.4826665724 134.05306783 71.1180148296 6.10093352463 71.1180148296 95.0433562106|
|213|0.000326305404783|287.936437789 -36.0587828153 38.0072858067|69.1263542197 22.9635331623 102.526630282 22.9635331623 45.3811478368 -28.5678177138 102.526630282 -28.5678177138 290.691090223|
|214|0.00190378144723|435.887907678 12.5371831945 5.2461458454|20.3976470969 -31.2529313422 16.5730911134 -31.2529313422 168.66300796 -108.746071372 16.5730911134 -108.746071372 128.658666183|
|215|0.00619157303733|232.28098469 168.381402772 110.050053045|143.010190246 36.2838705416 2.28778181018 36.2838705416 99.6924570717 6.44012253208 2.28778181018 6.44012253208 83.0181336621|
|216|0.000804089718758|295.175340648 -10.1851484413 10.554303309|31.0607397213 4.44139624578 -64.7417734053 4.44139624578 85.5848135748 -235.46769695 -64.7417734053 -235.46769695 975.063994674|
|217|0.00357301808615|293.623011093 42.2908921411 -84.2860634893|182.720945331 28.1127915042 13.0507321015 28.1127915042 78.0394219771 -23.3532762353 13.0507321015 -23.3532762353 102.524478433|
|218|8.0161535014e-05|273.136095463 -1.29404342272 79.5507547629|46.83085769 90.4524017346 37.6368582931 90.4524017346 463.121030867 135.909557705 37.6368582931 135.909557705 58.7929919326|
|219|0.00837957488274|295.096213435 -163.81364626 71.7481574355|173.181980062 155.704944345 -154.998333144 155.704944345 234.242359208 -193.971013192 -154.998333144 -193.971013192 476.596181421|
|220|0.00203788451607|220.990706992 -179.991644835 -24.2513524065|92.148283642 -127.003045564 -86.5612972695 -127.003045564 224.883088282 64.6017539342 -86.5612972695 64.6017539342 227.215362471|
|221|9.16323553873e-06|276.281963851 56.7665686006 7.5630337356|16.5325986539 7.45837775424 -25.0759160665 7.45837775424 211.171004721 -166.377690003 -25.0759160665 -166.377690003 389.363548411|
|222|0.0037136490744|262.69643654 120.507649076 35.1482165924|49.6790565145 -26.7392022296 10.6459532228 -26.7392022296 122.164982089 -45.3876102829 10.6459532228 -45.3876102829 170.600928851|
|223|8.11954751682e-05|275.385131909 48.844240442 8.353126882|9.59674234554 3.35113321903 -15.5270898916 3.35113321903 59.984552177 23.6546836604 -15.5270898916 23.6546836604 598.653029376|
|224|8.03254191921e-06|265.687941075 -62.2921765632 17.1823232254|22.8141404466 -26.7428148961 -63.2306309567 -26.7428148961 464.663690686 542.203942454 -63.2306309567 542.203942454 795.670143565|
|225|9.80328222377e-05|274.778013882 34.2060356217 -76.2864693028|72.8395709406 -28.3715010182 11.7339096287 -28.3715010182 88.7612626169 -5.92825595617 11.7339096287 -5.92825595617 32.1243084341|
|226|0.0034864136447|325.728376811 -121.966577388 15.2146815091|69.5717931928 -3.43678862155 13.6955336709 -3.43678862155 91.0945645649 -168.628862441 13.6955336709 -168.628862441 397.436430823|
|227|0.000455981327495|289.049277814 11.8717652369 -3.61650406196|2.77175482613 4.48894832409 -6.70725716966 4.48894832409 304.924522253 -399.495222275 -6.70725716966 -399.495222275 555.687180559|
|228|0.00638096508852|290.211126257 164.264609795 -56.6300861797|134.738277124 -133.418592815 116.720838713 -133.418592815 183.363128763 -118.020681406 116.720838713 -118.020681406 436.068591245|
|229|1.54871667954e-06|276.563515439 54.5970427551 9.4067603488|15.4034194494 8.41674891279 -30.0438348853 8.41674891279 183.370909732 -132.90635105 -30.0438348853 -132.90635105 384.660474919|
|230|2.35580735274e-05|278.134847511 45.3090413562 -8.13899529252|18.253840717 -6.90698212547 -78.1427726981 -6.90698212547 57.0659365761 -38.7226054397 -78.1427726981 -38.7226054397 817.257023729|
|231|0.000329078602618|260.482162231 92.2816531951 -32.9351779772|4.36274719931 -13.8516625797 14.6208091375 -13.8516625797 188.330169757 -174.174893257 14.6208091375 -174.174893257 236.93543288|
|232|0.000156988234292|325.295854367 106.787511829 -91.4158871685|5.31768558803 0.446277258095 11.6441326702 0.446277258095 9.30796456977 -2.34758066506 11.6441326702 -2.34758066506 43.6877769924|
|233|2.19378867782e-06|272.107735539 -2.03573918217 82.1563276248|28.291398999 77.9879401169 8.77393707042 77.9879401169 538.100589368 -28.5395666177 8.77393707042 -28.5395666177 49.6756051601|
|234|9.63416955004e-05|280.397886422 -33.0496028038 16.1700636816|272.166976619 254.750502023 -228.008906869 254.750502023 266.766007957 -270.712910554 -228.008906869 -270.712910554 367.761245364|
|235|3.13887548716e-05|274.050675816 1.29146382694 79.2174924252|29.6794655742 38.6461663779 10.5951750256 38.6461663779 445.257506413 74.6775709435 10.5951750256 74.6775709435 27.6255043363|
|236|0.0013174783888|324.464415001 62.7019239547 59.2663950095|19.7109836966 -27.9105281549 -15.3414164617 -27.9105281549 208.444313613 157.757710306 -15.3414164617 157.757710306 423.635464531|
|237|0.00353489302028|312.268510531 1.83107043094 -3.96403307367|15.8076920024 -2.06884813878 40.5209578356 -2.06884813878 52.5222817528 -145.342093812 40.5209578356 -145.342093812 1307.8120254|
|238|0.00277913274269|417.429576131 60.5639329688 13.9669961734|31.401625743 -16.680356652 -16.8770213991 -16.680356652 163.98367087 -4.58861476496 -16.8770213991 -4.58861476496 128.16428877|
|239|0.000198847155087|266.366109575 -47.5243517609 35.6608684182|42.2389520327 -35.1303676961 -42.2282462341 -35.1303676961 228.26974145 211.128299129 -42.2282462341 211.128299129 291.586301936|
|240|0.00630594441709|228.112527461 -6.72339901646 18.5900164997|59.6623926465 -36.3542962411 32.8930833943 -36.3542962411 108.695379935 9.78442571556 32.8930833943 9.78442571556 209.70349646|
|241|0.00482402825149|370.203593953 -25.0928960756 49.3643690385|31.7442296005 -12.49865488 -21.3284775572 -12.49865488 58.2271158865 14.8258179862 -21.3284775572 14.8258179862 415.420598522|
|242|0.000200095781132|259.695135924 -152.267730911 88.8107270058|10.3862329697 -78.8975500349 47.2482158722 -78.8975500349 899.580562519 -560.607021203 47.2482158722 -560.607021203 359.452063828|
|243|0.00186367526601|229.887969931 168.514241578 61.0956134058|31.4526664629 71.4293353146 6.25365570232 71.4293353146 380.847931586 94.3517932116 6.25365570232 94.3517932116 240.975136501|
|244|0.000184446782959|281.209388084 63.8207591844 -38.6680969477|36.1651776528 -66.8163254347 -59.7087503289 -66.8163254347 214.959965228 175.735239739 -59.7087503289 175.735239739 168.868537389|
|245|6.96400797471e-05|268.444685679 79.2407412782 -19.8838763656|37.1456419504 -73.3222161025 20.9322204696 -73.3222161025 304.528746665 -79.6513650392 20.9322204696 -79.6513650392 116.188848968|
|246|0.00116996841271|329.514788003 122.897750235 26.9854698247|13.8504429884 -29.3122902283 23.1153101869 -29.3122902283 358.560300906 -98.8177281985 23.1153101869 -98.8177281985 176.964088136|
|247|0.00313986860811|278.398361381 73.8736412677 -5.54779585412|23.1497041252 -67.6146574529 -57.404392524 -67.6146574529 402.611182728 140.397381043 -57.404392524 140.397381043 311.605042976|
|248|0.000204990221895|260.507808178 53.5844408889 -22.7331382797|166.152495436 204.729006933 -77.4876848614 204.729006933 283.720122612 -118.793249547 -77.4876848614 -118.793249547 63.8519141667|
|249|0.00369577639421|319.700968425 17.1552244429 -53.2986676669|175.563209517 84.6319463559 155.571695111 84.6319463559 72.6879301967 95.2081286535 155.571695111 95.2081286535 312.393885247|
|250|0.00237689418076|273.314743382 -38.20368748 72.3784753176|83.5006592059 3.85228388275 -9.42262938696 3.85228388275 76.6538353869 66.5680149363 -9.42262938696 66.5680149363 236.065291073|
|251|9.30458457736e-07|275.111424277 61.284261312 5.3106093042|16.8486320609 -7.27079451833 -10.0405857608 -7.27079451833 276.859447914 -206.165333396 -10.0405857608 -206.165333396 390.470397735|
|252|0.0187090092508|333.200127435 -138.205252703 -2.13690768364|192.588338908 78.1811967799 -283.363885196 78.1811967799 145.110540756 -277.995896242 -283.363885196 -277.995896242 1144.23245678|
|253|8.89122140405e-06|285.439106937 29.8416063617 -22.705622497|33.1684295932 -79.9269555218 -12.2992725643 -79.9269555218 254.221932612 -8.67568448422 -12.2992725643 -8.67568448422 121.545427119|
|254|0.00341142970126|353.757896745 -229.943226262 9.7588421128|33.048744346 24.4887055995 25.8584376488 24.4887055995 94.7606934186 14.6690302827 25.8584376488 14.6690302827 144.922196822|
|255|0.00023647849874|279.507769993 -41.4428813221 31.4102855116|68.394530374 23.4817022072 101.159607772 23.4817022072 46.2713264739 11.3451707114 101.159607772 11.3451707114 244.004418953|
|256|0.00548422930231|308.313541034 135.922722293 -4.74652135604|57.408754468 -55.0360230118 95.6187285079 -55.0360230118 257.985373425 -257.123447925 95.6187285079 -257.123447925 436.656175096|
|257|0.00252285507668|218.83931372 -156.562895087 -62.7246843502|25.661394684 12.6039456221 -9.45138567961 12.6039456221 574.433229928 128.879487753 -9.45138567961 128.879487753 94.5089641246|
|258|2.14782879282e-09|273.023246673 71.8441822231 -1.40222235499|18.8827683859 -54.8901426259 -17.1882936068 -54.8901426259 433.978338658 31.9397211348 -17.1882936068 31.9397211348 278.594429254|
|259|0.000121813686314|292.124254669 31.8522353065 -35.3126408301|127.765859333 -47.259703395 -101.795164552 -47.259703395 46.4069191937 -31.2871767414 -101.795164552 -31.2871767414 278.187448511|
|260|0.00397331441942|274.993667523 -85.0925754925 -0.96210348235|33.5870032523 63.2282501868 70.230802232 63.2282501868 253.99062874 108.90608006 70.230802232 108.90608006 329.834555518|
|261|2.70183622288e-05|274.836434058 51.251647399 -34.3265403191|22.2516989656 5.03503138071 0.145181600484 5.03503138071 63.4465717608 66.8209369996 0.145181600484 66.8209369996 358.514468688|
|262|0.00587219045587|269.162025493 222.842786535 -71.8623478961|39.2228953852 7.91288591228 -30.8983346207 7.91288591228 60.3393662712 -2.91018613893 -30.8983346207 -2.91018613893 528.75273269|
|263|0.00233707123735|272.368965674 -35.3247073426 40.783570088|258.508146383 242.651399935 -70.3153890837 242.651399935 281.738354216 -70.2655565108 -70.3153890837 -70.2655565108 203.859481032|
|264|0.0026982192605|219.000278634 146.581152811 50.3493140376|21.3476676659 -5.32098236115 6.27100018071 -5.32098236115 344.255612299 31.2910657281 6.27100018071 31.2910657281 150.665736605|
|265|0.000838791093055|289.620710297 16.8639699566 -57.5454055241|72.6204877427 -65.8555646884 89.3851986502 -65.8555646884 106.553033425 -93.2003985897 89.3851986502 -93.2003985897 231.768415179|
|266|0.00511687730815|257.135429946 -107.482704126 -74.2989296857|85.5448044717 -7.39319011999 100.230546192 -7.39319011999 72.3358217915 -96.5126785686 100.230546192 -96.5126785686 349.516373591|
|267|0.00012480456952|279.124804786 55.4372555888 -29.0523864761|18.397709024 -10.072238165 -38.3114967329 -10.072238165 105.161692918 77.7993614764 -38.3114967329 77.7993614764 197.883303146|
|268|0.00538116231047|215.422845474 -211.442152813 0.18769890951|42.5959766981 -31.7107378061 -24.9099438848 -31.7107378061 41.2642432651 -58.1103034729 -24.9099438848 -58.1103034729 1758.37353651|
|269|0.000520161998639|272.860908541 -5.47721037849 77.2235947127|25.5054254477 -27.7034180122 27.0983575462 -27.7034180122 540.612154996 -241.447459587 27.0983575462 -241.447459587 128.377311734|
|270|0.00163121167279|221.97077185 176.1877049 23.0698856585|59.6373514045 62.8715719942 124.30634243 62.8715719942 269.044053038 -64.5879021415 124.30634243 -64.5879021415 584.185711351|
|271|2.30009400092e-06|272.79597682 57.7131022607 -32.2905913329|30.3373818897 -28.734667332 -23.8061387912 -28.734667332 263.588061842 275.624357897 -23.8061387912 275.624357897 409.451280644|
|272|0.000653026210356|262.608495502 -80.4520174812 26.7011773116|46.0282003491 73.2781887889 -89.5871002962 73.2781887889 253.601563871 -188.212019159 -89.5871002962 -188.212019159 227.799644873|
|273|2.02642819573e-06|268.31930114 -70.764648877 3.78623471626|26.6552110105 65.8607310135 -36.5374554189 65.8607310135 405.387259728 -18.9089327959 -36.5374554189 -18.9089327959 219.839590491|
|274|0.000174366471869|273.574775413 -43.0021859963 13.4019889649|10.8003080997 6.72539321105 1.71073902638 6.72539321105 29.5510936558 -14.7258437579 1.71073902638 -14.7258437579 73.2135840316|
|275|0.0029541510323|331.867667708 82.9513021836 78.6337855032|36.170693931 67.8325660947 -8.29625116757 67.8325660947 339.844909269 -120.874513376 -8.29625116757 -120.874513376 240.030661212|
|276|0.00489344504214|248.246491571 -124.980328433 -6.47294499266|158.881512166 243.594247203 128.594852956 243.594247203 467.915799597 166.514596277 128.594852956 166.514596277 267.344931726|
|277|0.00411065526522|242.932749152 168.271892562 73.4803143084|122.097880006 95.1294800852 158.007906542 95.1294800852 124.265156665 70.7821033245 158.007906542 70.7821033245 411.91510809|
|278|6.56555501374e-05|327.360276495 57.5353396903 2.5108617257|21.6839377321 60.5777916028 77.7618154425 60.5777916028 329.604257827 397.538297304 77.7618154425 397.538297304 620.385552444|
|279|1.2787718007e-05|285.620087883 42.5517199969 -68.731877945|124.652171075 -40.0749402135 -127.674824358 -40.0749402135 61.5131532068 16.3249131206 -127.674824358 16.3249131206 298.886403271|
|280|0.000451689075951|298.543289478 -10.2282202415 5.9391624295|55.0134767944 27.1974218192 -130.363133214 27.1974218192 86.5060276559 -244.591470144 -130.363133214 -244.591470144 953.212604706|
|281|0.0040386186338|213.679750669 -154.975617376 -0.40782064857|38.9063579771 24.5473039242 -45.7697825359 24.5473039242 97.0515152396 -170.844143591 -45.7697825359 -170.844143591 521.870631641|
|282|8.57807306926e-05|275.688452122 -7.04654369813 76.8249236762|40.1835894264 -2.61169114023 -9.8237429014 -2.61169114023 358.775741437 111.573797295 -9.8237429014 111.573797295 49.337844267|
|283|0.00249390249343|334.295950497 87.4842125528 56.1967628794|44.9471533248 79.5168028113 81.0849661258 79.5168028113 266.34345094 114.356287257 81.0849661258 114.356287257 278.185543293|
|284|0.00235258148759|227.337075605 -151.633241094 -8.95739104329|33.5694128052 28.6621867011 -2.25041674245 28.6621867011 102.750729115 -59.5380467884 -2.25041674245 -59.5380467884 267.872067633|
|285|0.00155255904436|201.419748018 -109.729875074 28.6520936554|29.2684691373 22.7505739833 -21.6561610188 22.7505739833 43.5456833465 -23.7437794638 -21.6561610188 -23.7437794638 74.6853951302|
|286|0.00126523865297|229.918094921 23.0572062128 -5.17119268785|53.157735801 44.2448307558 -54.916540577 44.2448307558 65.4847768192 -75.4759920275 -54.916540577 -75.4759920275 141.554601885|
|287|0.00753555612609|244.040036141 -86.7011001039 74.1001846233|52.4357751226 -29.9001499086 12.4475075987 -29.9001499086 202.006499393 -108.314897454 12.4475075987 -108.314897454 213.091245546|
|288|0.00599860247934|327.683610534 -55.9004239136 -100.110429032|34.7623612912 -2.77493706655 36.8969976441 -2.77493706655 141.219587393 -144.961933133 36.8969976441 -144.961933133 627.544959147|
|289|0.000590252354262|330.137417438 104.544020871 15.2628039651|16.1959789512 30.9259599626 9.64341379813 30.9259599626 212.169252291 -11.8598302464 9.64341379813 -11.8598302464 32.8006700243|
|290|0.00142501942547|326.878322951 -72.4890335324 -55.9890144393|24.4197442965 38.1236569049 -13.0670087998 38.1236569049 224.696748545 -54.2526776695 -13.0670087998 -54.2526776695 163.66989769|
|291|1.3154557334e-05|272.899861087 -29.5870603703 56.6660415461|63.1268774171 14.0153356244 -10.3600969155 14.0153356244 361.385608407 338.580808104 -10.3600969155 338.580808104 376.311017424|
|292|0.000896206475758|275.316488352 57.2220577804 -53.0717152302|58.9768986342 -15.3386156488 -46.3798001944 -15.3386156488 27.2660971522 59.6084065463 -46.3798001944 59.6084065463 290.2126118|
|293|0.000417017536426|271.928757829 64.0062637967 -29.061548727|38.3252520956 27.6035845587 12.949532085 27.6035845587 162.248503376 46.7924215 12.949532085 46.7924215 63.079731554|
|294|0.00552661165804|282.589236847 -41.1887782253 -93.427823919|128.556116577 -121.837953929 19.6879960452 -121.837953929 198.857932273 -59.373057231 19.6879960452 -59.373057231 125.356425345|
|295|0.000439747106801|280.474756291 27.6091446133 -72.9314468069|102.348185311 -46.7612605025 83.1177063026 -46.7612605025 89.2713935614 -11.1452322851 83.1177063026 -11.1452322851 121.807803723|
|296|8.79483093932e-05|324.388539702 60.8258810198 8.2341909216|10.7766097394 20.139011013 17.8822538306 20.139011013 372.620937662 379.719836235 17.8822538306 379.719836235 484.095023094|
|297|0.00321399748553|257.22614068 -165.323230879 81.1689452507|60.5439258121 -43.3320701047 -4.12316849198 -43.3320701047 124.564015166 7.43927142035 -4.12316849198 7.43927142035 85.3007064583|
|298|2.08023117157e-06|270.895545434 73.9747564961 -6.47177168891|27.6577616984 -67.3521312258 10.5064920368 -67.3521312258 320.447593199 -1.07593889305 10.5064920368 -1.07593889305 201.873605035|
|299|0.00306085582562|180.078950928 153.293962578 20.36289088|48.7613190052 0.995346943365 22.714700191 0.995346943365 37.2538897065 57.6368994947 22.714700191 57.6368994947 256.675897995|
|300|0.00026579603829|328.940941847 116.122730068 31.6711267109|16.6504423405 4.99218396369 14.5938691533 4.99218396369 445.186142534 -84.8188709611 14.5938691533 -84.8188709611 139.765952729|
|301|0.00338210096242|264.830100356 198.062622844 -134.523871072|33.7633758238 -4.57695308604 -9.34641887433 -4.57695308604 139.895372929 -2.94988341197 -9.34641887433 -2.94988341197 76.8242731788|
|302|0.00109560395751|327.352759931 68.9096269023 -3.37073206819|20.0798096447 -18.5306486936 -8.76880491734 -18.5306486936 122.773300388 151.421348027 -8.76880491734 151.421348027 243.781034516|
|303|0.00230102443648|212.142099939 -176.24571287 -54.714493068|11.1033692892 -5.25564456804 13.6699813478 -5.25564456804 254.954764113 81.5889407766 13.6699813478 81.5889407766 180.405447087|
|304|0.00568917931345|288.976271011 52.70649669 93.2996812296|157.03602803 73.207493386 186.003317747 73.207493386 93.2438524292 73.1706465443 186.003317747 73.1706465443 385.08787596|
|305|0.005432581794|268.491101962 195.251094808 -87.1891003852|55.1572728064 62.126544531 3.90720933478 62.126544531 187.033993664 23.2774779321 3.90720933478 23.2774779321 308.039613004|
|306|0.00460022191205|295.669728443 176.621004166 -55.5553771948|142.281874585 -151.710286276 94.2582193374 -151.710286276 193.055655908 -168.421546972 94.2582193374 -168.421546972 548.994369101|
|307|9.19604481175e-05|330.482937594 108.099738884 31.560449653|14.1862604308 6.94931640239 12.492972481 6.94931640239 554.469330779 -65.8560731201 12.492972481 -65.8560731201 135.271520987|
|308|0.00327578827982|246.305406072 173.379352281 -90.4356498225|418.896459057 -38.2621306833 202.015370624 -38.2621306833 20.4313178754 -27.5494855486 202.015370624 -27.5494855486 170.18596219|
|309|1.21702273909e-06|268.883238783 -46.2684459832 39.880538741|46.7543519201 11.4496930217 -16.1692258421 11.4496930217 320.785132091 361.653486397 -16.1692258421 361.653486397 556.333795033|
|310|1.617864587e-07|274.020167071 0.573928975139 80.7462847732|55.592393474 117.304142934 48.1397750946 117.304142934 522.530624381 175.345583617 48.1397750946 175.345583617 82.1330658562|
|311|2.50745508284e-05|270.738748881 83.0118011704 1.31635449346|18.1506061603 -48.1673748531 -57.5678077703 -48.1673748531 204.195275525 190.823611016 -57.5678077703 190.823611016 285.934412736|
|312|2.39636026797e-06|275.124690428 60.7664512963 -3.25515787083|20.5433056539 -42.8372206488 -3.87332270385 -42.8372206488 259.705477095 -52.8856174984 -3.87332270385 -52.8856174984 226.909330271|
|313|0.000249015971675|272.877654694 233.503627482 61.2777891375|50.8013848031 84.842315979 72.9282898239 84.842315979 183.2244435 124.062958668 72.9282898239 124.062958668 141.837331017|
|314|3.08086975251e-05|276.164554539 -35.5135376137 5.4069025186|31.1226480486 33.0217943064 8.85283331102 33.0217943064 74.1486007359 -72.0415985322 8.85283331102 -72.0415985322 274.225413296|
|315|0.00297559417601|264.934853077 84.3870160681 -6.00099007261|104.981646476 -262.256173375 -62.8950392128 -262.256173375 731.010746347 207.039632422 -62.8950392128 207.039632422 228.376860268|
|316|1.82941044638e-05|270.938968009 -75.8789616753 15.7850911038|150.512826612 294.775530985 229.457294174 294.775530985 633.63168743 478.678610612 229.457294174 478.678610612 376.891495821|
|317|0.00161523378415|266.84487382 56.1909854933 -13.3015744336|65.0749335673 -30.8159053324 157.51250713 -30.8159053324 101.446555617 -75.9014818518 157.51250713 -75.9014818518 498.045830407|
|318|1.63529884853e-05|273.075451673 -58.3474230677 -37.6262235898|4.33491445582 2.79278278719 -13.2078612851 2.79278278719 22.7617380183 -28.8535882334 -13.2078612851 -28.8535882334 137.442735176|
|319|0.000234230226415|283.806795662 -30.8392441939 53.8138856479|80.1422083272 37.1084348739 8.85442594341 37.1084348739 117.165353286 30.2791842035 8.85442594341 30.2791842035 69.4111268857|
|320|0.000664173685544|289.112801401 2.73844760426 -15.6169017887|3.48958190681 -2.5843835215 3.18598785584 -2.5843835215 102.14921343 -136.775561859 3.18598785584 -136.775561859 292.376859934|
|321|0.00268394826119|265.585779835 55.7478458271 11.0257653259|71.3128724758 -2.67963868947 253.758926418 -2.67963868947 72.964889865 -110.540271977 253.758926418 -110.540271977 1164.18747633|
|322|0.00111500514373|263.435541271 33.8327299769 -13.7821440949|31.7972762255 -20.415965694 13.11740761 -20.415965694 29.6740794944 -59.022598479 13.11740761 -59.022598479 326.534966363|
|323|5.15346200217e-05|263.01216881 -53.2915150693 29.4860452643|17.7098655635 -32.9666418796 -53.3098010037 -32.9666418796 353.545895472 365.576215439 -53.3098010037 365.576215439 500.461561863|
|324|2.24084703679e-07|268.477834237 -43.218798652 45.8267472487|47.2187187534 17.2794476792 -5.12061851603 17.2794476792 395.143789733 418.382593592 -5.12061851603 418.382593592 553.711300693|
|325|1.10783398946e-07|266.109370226 -64.2913813102 18.4238040789|28.6399421281 -0.0162291616918 -36.3608052471 -0.0162291616918 509.732037831 520.609877045 -36.3608052471 520.609877045 719.723524866|
|326|0.00300689838742|312.797306784 -166.922030199 85.6433344504|84.9601220353 22.9402868705 -34.9595646686 22.9402868705 32.098564585 -30.2958407292 -34.9595646686 -30.2958407292 178.612314151|
|327|0.00156051570565|270.579009989 45.5546927598 -50.0374426224|176.880547171 -162.820854142 6.91052936921 -162.820854142 187.633524468 -17.9748369977 6.91052936921 -17.9748369977 142.127931417|
|328|0.00449878862739|265.070333113 -29.9140460733 101.496861929|55.3208029016 -29.6175456703 34.8123306073 -29.6175456703 151.66069137 -41.4077055043 34.8123306073 -41.4077055043 109.890524309|
|329|0.000297340167066|319.977152283 -33.8171551753 14.46833521|11.5732093908 -30.2737361666 -34.724015108 -30.2737361666 141.594822606 150.893801916 -34.724015108 150.893801916 178.910030644|
|330|0.000143467016837|271.648312742 -18.6189207494 67.4176011432|62.2687458113 22.4193549923 -4.04128872609 22.4193549923 184.31061218 170.755924159 -4.04128872609 170.755924159 211.272632989|
|331|0.0092856732135|219.849025473 162.47712474 -51.986561788|144.940344317 -39.5426805377 94.5465118884 -39.5426805377 66.4775893374 -125.838783021 94.5465118884 -125.838783021 576.430955858|
|332|0.000996236520296|259.322200615 38.7648420424 -65.4367803184|11.647292934 -3.37866423516 0.586941183971 -3.37866423516 117.919756469 82.1669719676 0.586941183971 82.1669719676 105.501415249|
|333|0.00154693552349|220.603551333 -178.086921739 -75.8155035817|90.3629902872 -27.7537033655 1.42287021593 -27.7537033655 221.540539682 2.73887871636 1.42287021593 2.73887871636 41.7143493359|
|334|2.34480970083e-06|250.190618693 -115.951474758 -9.11706071883|147.379441113 353.07283423 153.885086657 353.07283423 900.94079183 394.093013689 153.885086657 394.093013689 329.638084488|
|335|1.01279754782e-07|274.692471024 60.6544598392 8.9677440775|14.7142779333 1.02288256352 -15.7871177068 1.02288256352 314.782997835 -281.673632401 -15.7871177068 -281.673632401 486.951926358|
|336|0.000346195326823|248.394295558 127.014610706 -7.06507161211|18.9210614395 -35.8116182417 -27.7781583568 -35.8116182417 106.169503447 16.8439686721 -27.7781583568 16.8439686721 115.728513196|
|337|9.77050611948e-05|328.410147546 98.4830428766 35.27938188|17.056891531 24.6640016173 7.76681484659 24.6640016173 568.426360671 -36.7770540442 7.76681484659 -36.7770540442 120.145365013|
|338|9.4147083819e-05|285.109265109 -0.851501596444 -82.7240975687|19.1766890425 56.6604262145 29.4609783399 56.6604262145 181.5773544 92.6972391873 29.4609783399 92.6972391873 53.1055169201|
|339|0.000772643456496|255.178350009 98.7513778969 -29.8580470907|11.7319626813 -5.45550866306 22.5143806395 -5.45550866306 68.8462082309 2.51230690419 22.5143806395 2.51230690419 112.249848461|
|340|5.21153745441e-08|271.862272501 75.2181197279 -3.02173767368|21.1089260952 -63.9710013316 -12.5337840679 -63.9710013316 365.764710323 59.1531680938 -12.5337840679 59.1531680938 207.823462109|
|341|0.00188779311796|295.935264679 0.790545439958 89.9032962345|124.434318719 -93.3185022748 -60.7168826197 -93.3185022748 91.8316309688 58.6543365206 -60.7168826197 58.6543365206 95.3476102996|
|342|2.52661575783e-05|264.713692675 -53.7700828621 23.8076184939|22.6795486005 -16.6531150159 -49.3653124742 -16.6531150159 196.596768992 179.618716459 -49.3653124742 179.618716459 315.450896056|
|343|0.00223762071978|217.609951262 216.495144503 -22.7639314575|35.3163559554 30.8003145376 65.7634827726 30.8003145376 33.6034536873 47.4519298951 65.7634827726 47.4519298951 1157.40451309|
|344|0.000484620562683|261.445662195 -72.4018830815 16.5544960486|58.5684228284 89.070996497 -153.901956371 89.070996497 372.443170161 -308.389972364 -153.901956371 -308.389972364 515.543610744|
|345|2.00317391689e-05|280.061312291 16.257406575 -75.3017102553|37.744793009 34.8947901608 43.5665997601 34.8947901608 521.720629434 284.223723362 43.5665997601 284.223723362 189.359267255|
|346|0.00114385962852|274.078755517 71.3171100187 4.17243867418|18.8673294546 -8.90832998489 4.77307604669 -8.90832998489 362.931185765 -363.388394967 4.77307604669 -363.388394967 533.324713669|
|347|0.00545286264945|222.285584344 -158.872890482 80.0868374044|250.123411916 23.0821888382 106.92034561 23.0821888382 28.2153943792 -51.594351117 106.92034561 -51.594351117 374.447595288|
|348|0.00168982232672|195.001557631 -177.477107886 -91.2852946308|35.220168736 33.2103337538 -10.3020806124 33.2103337538 138.868198118 -20.7549192605 -10.3020806124 -20.7549192605 55.1364939385|
|349|0.00764727925886|229.579461684 113.263518518 67.2498072807|134.342001252 -62.8017352237 110.81800714 -62.8017352237 95.2979630462 -68.5157905031 110.81800714 -68.5157905031 264.380354491|
|350|0.00437657756173|227.120233181 144.811262412 10.843487338|122.794766573 -75.397114277 -2.39653536054 -75.397114277 153.344181845 -148.928544899 -2.39653536054 -148.928544899 314.509649945|
|351|0.000382040280489|299.492368543 34.749409659 -73.8950775026|146.289690769 3.88587501895 52.7173944022 3.88587501895 128.427319884 -74.3794089484 52.7173944022 -74.3794089484 111.612174023|
|352|0.00464405266941|418.987945559 -56.0936449253 -4.19153200014|37.660448261 89.6038942145 47.8734201263 89.6038942145 366.135474337 84.4101326758 47.8734201263 84.4101326758 168.680195624|
|353|0.00401326617257|328.586499284 41.8448096306 -66.1989362892|59.5640954993 -39.3012391689 83.3622370607 -39.3012391689 113.233265168 -124.188198814 83.3622370607 -124.188198814 318.910429796|
|354|1.47332247614e-05|286.245876464 33.7025056099 -58.9678624847|69.6292740946 -91.5005115053 -86.4686513988 -91.5005115053 223.13941023 166.741288128 -86.4686513988 166.741288128 163.6467211|
|355|0.00390370622194|297.723708328 142.367144337 98.121482172|51.0280566496 -34.9372044027 -10.596734931 -34.9372044027 117.014863803 -23.3554574945 -10.596734931 -23.3554574945 77.1458783053|
|356|0.00155116800354|311.07900803 -154.134131556 98.005108707|28.1496409487 -2.37336871688 -21.835241152 -2.37336871688 41.6298662112 -28.2405655461 -21.835241152 -28.2405655461 122.3348182|
|357|0.00231989273531|256.811647834 -49.1380261984 18.0443419251|65.6211062838 52.0642524107 -133.413593196 52.0642524107 119.707778507 -158.335679613 -133.413593196 -158.335679613 398.160648156|
|358|6.69214151477e-05|258.088718773 -81.4028296183 33.4703698326|61.9854144905 4.07912353219 -87.5173578654 4.07912353219 214.254031781 -25.5966839168 -87.5173578654 -25.5966839168 153.044426967|
|359|2.71404165169e-08|271.912371689 -59.990017293 -17.9164293037|15.8257153752 52.6938984745 -56.8995575794 52.6938984745 361.700468688 -188.649334383 -56.8995575794 -188.649334383 442.044138633|
|360|9.47240359721e-07|268.966328975 77.5482279349 -10.8049912483|33.9413440524 -75.7596281993 47.3713670199 -75.7596281993 329.549270102 -131.887471904 47.3713670199 -131.887471904 253.240399014|
|361|0.00021580755286|266.044370433 -53.4635357334 25.5646844696|37.3921764675 0.0805221170992 -35.6211911741 0.0805221170992 66.7071336503 9.20101533576 -35.6211911741 9.20101533576 83.7223857731|
|362|7.36898097095e-06|277.166359263 49.2732560775 -44.7074301878|40.2356967171 -20.9258486715 -52.5457566732 -20.9258486715 78.5612475665 59.9937898445 -52.5457566732 59.9937898445 171.373328223|
|363|0.0102247955156|331.594472757 -114.198156014 -58.2053252775|111.021530343 50.7774925062 -167.635123917 50.7774925062 195.240200869 -227.104703815 -167.635123917 -227.104703815 593.09885777|
|364|0.00366926811447|262.683592315 -198.989728721 72.9322826939|16.1239010298 26.5819779401 25.1615943801 26.5819779401 189.479843779 -1.67644482199 25.1615943801 -1.67644482199 581.547946396|
|365|0.00518943307709|282.048531459 -176.954019515 14.4148005467|302.153327256 183.042877405 375.998070012 183.042877405 152.139760543 227.952132516 375.998070012 227.952132516 622.620594925|
|366|0.000144673319625|259.732621022 93.0423289352 -29.7620196521|8.95286342686 -18.1600735127 14.3986188011 -18.1600735127 129.464966652 -105.67535735 14.3986188011 -105.67535735 190.517122468|
|367|0.00358444831122|336.064897253 97.1822732097 100.044446813|78.2185199083 52.6162900745 -62.7473965091 52.6162900745 118.805054498 -51.4591421873 -62.7473965091 -51.4591421873 121.324810807|
|368|1.28970273551e-05|276.164660782 14.1513319148 74.8687827815|48.0256543874 122.787098238 5.32733735823 122.787098238 736.164006607 -47.5777052519 5.32733735823 -47.5777052519 17.5723905877|
|369|0.00538319391018|272.876638209 204.064792195 -116.065371066|71.2076903343 -42.798139599 14.6243668547 -42.798139599 175.780529898 6.76715073506 14.6243668547 6.76715073506 129.740170121|
|370|2.54868632816e-07|272.322366379 -58.2001419135 -21.553715761|14.9695372085 46.5484129816 -58.3070868818 46.5484129816 282.612000236 -187.714714287 -58.3070868818 -187.714714287 423.917907736|
|371|3.63759298561e-06|275.210324605 54.4938382824 23.2478112252|16.1089852079 32.0071073288 -49.1957246714 32.0071073288 351.112720141 -393.516340659 -49.1957246714 -393.516340659 644.852661481|
|372|0.00961699114851|247.709463527 198.844882167 80.4305014877|118.850235029 -30.2184245123 13.4431940022 -30.2184245123 131.874448567 -154.225657593 13.4431940022 -154.225657593 377.508336997|
|373|0.00509301472356|328.392765054 -89.3566261142 -90.81919721|43.9276640928 20.272600796 -22.3745023376 20.272600796 252.67858058 21.2822603425 -22.3745023376 21.2822603425 197.244120061|
|374|0.00206748181827|259.559687617 28.5946711037 -96.4888886037|32.402282143 -1.77786823967 -39.1311823643 -1.77786823967 47.0518896765 -5.00172317197 -39.1311823643 -5.00172317197 141.733630717|
|375|0.00143450134943|293.46139042 -19.1436718537 48.095314425|60.3201789027 41.8419790266 -0.557480783806 41.8419790266 147.218907846 -117.44622595 -0.557480783806 -117.44622595 334.870956572|
|376|0.00135905809681|228.526888722 179.3565815 32.4612956417|89.1262319798 51.6005455092 252.283011325 51.6005455092 177.531631429 51.9851740064 252.283011325 51.9851740064 876.959290437|
|377|0.00463229234557|282.660874889 -49.834835504 82.0805824229|147.263384911 -1.89255810805 -0.11976581844 -1.89255810805 31.7966805547 -41.5519592657 -0.11976581844 -41.5519592657 254.668243352|
|378|0.00163187989779|280.808919835 23.5474841427 81.3218333849|29.3229035097 -3.08492618147 49.4529212877 -3.08492618147 100.283066596 -3.09361404317 49.4529212877 -3.09361404317 140.00414781|
|379|0.0091343168312|321.899207521 107.705626672 48.7607402547|41.4463326126 -40.5888100278 96.151549771 -40.5888100278 512.958203478 -505.279020506 96.151549771 -505.279020506 829.973505284|
|380|0.00532485913359|243.581752651 152.292944464 -2.18344667944|235.083706251 -334.491528676 -75.2705402369 -334.491528676 516.375130048 168.696232969 -75.2705402369 168.696232969 349.703863377|
|381|0.00975485545874|344.475329011 -36.544301962 -102.692899036|88.8399270188 28.6357809081 149.519949659 28.6357809081 92.6163674112 71.9035110613 149.519949659 71.9035110613 599.602122187|
|382|0.00188493702997|321.49369582 -88.1594497996 -27.6790406624|112.845646389 233.568600967 -89.5229678871 233.568600967 550.473071332 -226.092719138 -89.5229678871 -226.092719138 149.729120897|
|383|0.0019845110801|223.048446312 -63.4163697995 -29.5856185182|20.838067643 19.5568863329 -7.19193721338 19.5568863329 104.357160582 -56.3904776139 -7.19193721338 -56.3904776139 71.5603343172|
|384|0.00294564086723|214.633324659 197.398680329 72.2797446372|119.864081059 39.1769260557 -74.7224033273 39.1769260557 119.43399518 68.2923244933 -74.7224033273 68.2923244933 194.415604698|
|385|0.0041851139047|244.343914139 -117.005935972 -46.0690953932|183.621005502 117.047125355 -20.2627008519 117.047125355 136.756802951 -123.279976776 -20.2627008519 -123.279976776 331.597318606|
|386|0.000290115162346|329.080222567 121.499269362 30.3391032881|17.0012952116 -0.548099228031 21.8570353273 -0.548099228031 387.762341768 -97.8990111215 21.8570353273 -97.8990111215 167.440452439|
|387|2.94793704619e-05|286.228837049 38.6156276449 -37.7018704677|51.3016572629 -29.032494454 -75.9894323512 -29.032494454 69.1369001019 -52.6638218471 -75.9894323512 -52.6638218471 326.752534494|
|388|6.47831176623e-06|273.253216889 67.4036553422 -11.4433455907|28.796851158 -88.4651701045 -67.2192575491 -88.4651701045 404.69144145 293.822289998 -67.2192575491 293.822289998 353.348978304|
|389|0.000947110240391|323.051575854 36.7362020618 -33.9076894076|25.1075412134 21.3691926443 49.890524304 21.3691926443 80.8745888896 47.9438691603 49.890524304 47.9438691603 272.819376294|
|390|0.00024566021209|275.736506573 53.9079037784 34.2527626485|8.01017749355 22.2050814029 -17.0819802953 22.2050814029 294.040565168 -247.972336996 -17.0819802953 -247.972336996 267.486666697|
|391|4.59825841593e-05|276.948661428 49.0412385664 -2.24264987559|12.5330460509 5.27305504798 -36.6130767634 5.27305504798 62.5520219894 22.8754193685 -36.6130767634 22.8754193685 796.641628616|
|392|0.00481274496452|300.80736764 49.5894972283 -107.316542993|165.551808719 0.846910448284 57.0089285481 0.846910448284 47.8132510334 9.57145880273 57.0089285481 9.57145880273 124.391568301|
|393|0.000896160335775|269.550635726 38.3350724953 -18.6296707576|55.0524967542 23.4482855222 -149.378443538 23.4482855222 92.4820327749 -299.241697068 -149.378443538 -299.241697068 1261.64401501|
|394|0.00837205727006|218.623243864 -158.997117888 -95.4345204535|145.838637346 20.3607613951 -63.1267011006 20.3607613951 58.6869544333 4.01695058542 -63.1267011006 4.01695058542 251.261867749|
|395|0.000864987041261|280.532965346 -54.262514461 51.5350511341|73.969701239 -0.718894718901 42.3707442056 -0.718894718901 6.3734779997 -5.50781068967 42.3707442056 -5.50781068967 125.010897514|
|396|0.00431516502377|326.914612418 -26.0107099485 35.4345783935|67.7233038093 -26.5109308534 -31.7775591599 -26.5109308534 111.865169482 84.3572081758 -31.7775591599 84.3572081758 219.928433187|
|397|2.13243558447e-05|258.527794931 184.459777564 -84.406004024|6.85945412547 0.0615237750379 -26.1486146888 0.0615237750379 13.9994837215 39.5318585418 -26.1486146888 39.5318585418 273.974426948|
|398|0.000500779304104|312.007620276 41.7706970585 -62.2791024366|14.0535800244 4.80327730802 8.7767849126 4.80327730802 123.035093338 -181.022618876 8.7767849126 -181.022618876 309.055050741|
|399|9.49998120322e-05|283.604173499 42.2643045874 -42.1249778878|49.583111198 -77.0277643143 -95.068581752 -77.0277643143 236.200021309 162.122569248 -95.068581752 162.122569248 258.275052924|
|400|8.41205675934e-05|283.664291852 -31.2024190392 20.4909565251|190.620315178 134.042666822 -7.78136335071 134.042666822 146.870001954 -127.419635532 -7.78136335071 -127.419635532 373.613547021|
|401|3.74054049549e-05|269.964153266 59.4690315345 -41.3549125235|39.5484701239 -10.5837180527 7.27945923297 -10.5837180527 330.306668365 282.340085944 7.27945923297 282.340085944 296.669412178|
|402|5.06470085278e-05|283.430188023 36.1154751557 -38.5286592244|62.5542510001 -71.8120869844 -74.9351339772 -71.8120869844 137.068751186 41.7388563529 -74.9351339772 41.7388563529 262.206709407|
|403|8.7560217839e-06|272.460804911 -20.6664923644 67.3715841783|62.8756714218 20.4075646801 -7.47154709144 20.4075646801 199.264986365 146.5459631 -7.47154709144 146.5459631 155.059830019|
|404|0.000518883902335|283.959080413 27.3497801791 -72.1710072839|127.025650241 -79.961377299 52.3848179943 -79.961377299 125.286439051 -32.8684744878 52.3848179943 -32.8684744878 60.7267158369|
|405|5.21943404282e-07|273.864824583 61.0289924819 -32.6710040799|35.3680880209 -46.7362054286 -42.8832638694 -46.7362054286 291.452389437 225.077319304 -42.8832638694 225.077319304 247.859488611|
|406|0.000175969693311|267.396045112 -76.7074871066 -6.94967887552|17.3104297901 -48.8517337862 -86.3424158247 -48.8517337862 398.96218405 487.74368856 -86.3424158247 487.74368856 718.995366997|
|407|0.000615867695966|277.116534828 27.8454003321 12.0959830983|31.6987651031 36.1756373054 -139.679286192 36.1756373054 64.965377682 -227.892569958 -139.679286192 -227.892569958 985.332423607|
|408|0.000230986368993|271.726025406 50.2162743164 -14.0291735201|31.022098912 12.2857131145 48.4157674481 12.2857131145 38.136772133 38.6462936061 48.4157674481 38.6462936061 1331.16400795|
|409|1.95946686409e-07|267.680892999 -61.562167 18.9633846309|29.1658215116 14.8122819218 -17.9885699139 14.8122819218 513.19309644 587.577105556 -17.9885699139 587.577105556 860.414397319|
|410|0.00130513027418|232.151709455 -161.610074047 -50.4015239797|78.6959867372 14.6228430766 -216.727219553 14.6228430766 32.8591105912 -92.9778998925 -216.727219553 -92.9778998925 874.11176986|
|411|2.70225184891e-05|269.463500309 81.4718856654 -3.74723364276|20.8693657389 -41.8882906593 -20.7150127654 -41.8882906593 290.196643111 218.584172351 -20.7150127654 218.584172351 316.825175461|
|412|0.00142036706686|286.513515648 -23.1707182921 5.3019215115|254.805244134 51.182515077 275.513773896 51.182515077 35.5233527246 -2.3653972341 275.513773896 -2.3653972341 521.555414387|
|413|6.84605624301e-06|271.050450131 -37.9486155443 49.4834983704|55.9325680207 2.96661814996 -14.8110657558 2.96661814996 336.795490216 342.871709214 -14.8110657558 342.871709214 435.28295395|
|414|0.00316906751969|314.947652158 -90.376712638 -76.5420714471|23.4096521561 -43.3631905991 11.7704718263 -43.3631905991 396.388116787 54.7573687356 11.7704718263 54.7573687356 101.595908173|
|415|0.00371036239365|374.455172204 29.4222271922 -43.9249218272|24.2463614872 4.45223839363 12.1798423869 4.45223839363 55.8193324551 35.2156649628 12.1798423869 35.2156649628 232.492690459|
|416|0.000160682852905|233.78128677 -142.853304344 -43.3343997592|23.8280993126 -14.0267712538 16.2800594523 -14.0267712538 37.2987572535 19.4226939919 16.2800594523 19.4226939919 50.4285903547|
|417|0.00206328103789|292.675942425 33.9473836338 -54.1981500176|103.352460852 -70.8924564841 64.4396043883 -70.8924564841 103.71375745 -136.878724741 64.4396043883 -136.878724741 304.541623758|
|418|0.00413655940586|331.588339018 48.2960824818 11.4622197639|51.4205434977 -16.1134393881 33.0285130847 -16.1134393881 88.211254378 -12.8788399814 33.0285130847 -12.8788399814 236.041749803|
|419|0.00436714534059|280.749405338 -44.6767708926 -18.9769259489|12.0421245145 13.1835438848 31.3789005296 13.1835438848 124.584172348 -20.9800237809 31.3789005296 -20.9800237809 874.444688265|
|420|5.77609114614e-07|272.957802227 68.0417770187 -1.73413944447|19.0555152444 -45.9748145928 9.98392421075 -45.9748145928 305.838601361 -99.7974371948 9.98392421075 -99.7974371948 234.25678221|
|421|0.000755589820887|270.263012302 55.4014150854 -89.9129734877|32.3284137001 8.273119518 -41.3867584323 8.273119518 12.8802196551 -15.4955626108 -41.3867584323 -15.4955626108 334.713947591|
|422|2.52770463692e-07|270.481836128 -38.4081610283 50.0540284792|54.3216296463 11.1803108746 -17.0079377269 11.1803108746 304.008431725 320.056005444 -17.0079377269 320.056005444 457.587272902|
|423|0.000988118712331|288.173557506 -26.2022297679 78.1583376224|166.823124391 69.4274065141 -40.589772863 69.4274065141 103.313221167 -111.562191343 -40.589772863 -111.562191343 217.256573723|
|424|0.00574011098564|247.374747234 95.3675357645 -81.6985493848|51.3109148654 10.2619308677 20.5314952508 10.2619308677 101.800190204 -63.262673777 20.5314952508 -63.262673777 225.283310921|
|425|0.000511572339255|288.963515471 -45.207689394 48.9621091075|81.9007742688 17.0041633741 106.404030918 17.0041633741 35.1170180234 19.5348268403 106.404030918 19.5348268403 176.342256545|
|426|0.00046479481942|268.954234977 -21.4917477903 60.9306726523|58.3029787236 9.24164944217 1.75294134515 9.24164944217 22.5153847002 24.7566215168 1.75294134515 24.7566215168 66.5799558545|
|427|0.00567471364006|300.83171016 1.70576259136 10.66603211|40.9668650089 -4.39270104077 39.6749765551 -4.39270104077 139.891086363 -240.248590493 39.6749765551 -240.248590493 860.126479227|
|428|0.00532640741276|203.91131482 -183.24707598 92.7358065612|76.0324250066 -4.97960308689 39.1265351168 -4.97960308689 99.6396807363 22.7499352662 39.1265351168 22.7499352662 126.217252586|
|429|0.000168845771188|307.354197082 12.7714235734 -26.5297946649|83.1390294916 116.789957907 -155.368619518 116.789957907 299.805206248 -373.626841474 -155.368619518 -373.626841474 589.20398215|
|430|0.00352050612541|318.628907949 -57.1588453404 -53.6725866302|20.1999215397 3.02932002901 35.0484481504 3.02932002901 72.1951786447 -18.2866795119 35.0484481504 -18.2866795119 466.201421278|
|431|0.00967695577356|168.033340339 -151.293709842 -10.7559206312|100.629770101 13.4119283091 -85.4863648082 13.4119283091 45.067968177 -18.1614640399 -85.4863648082 -18.1614640399 573.552964524|
|432|0.000775579725216|301.175495123 11.5810915265 -41.6706823275|44.3201238241 -4.72794554351 23.9313022461 -4.72794554351 53.747282771 -2.64025627765 23.9313022461 -2.64025627765 330.153225759|
|433|5.9303387676e-08|275.335772593 58.164544656 9.985770129|14.4046791363 2.41652305155 -22.0291246614 2.41652305155 273.051583366 -232.973181849 -22.0291246614 -232.973181849 463.49760616|
|434|0.00564627492147|226.718535547 9.88232546024 -23.6520746457|53.9357117144 35.1724318735 -32.7339053393 35.1724318735 97.3565506458 -8.63123965868 -32.7339053393 -8.63123965868 234.746081012|
|435|0.0047408976623|227.887634733 -181.117064659 -56.8756719703|86.9537510091 64.598047332 -133.650955604 64.598047332 145.529167467 -40.1571508269 -133.650955604 -40.1571508269 460.167115832|
|436|0.00410994897421|343.448764964 -145.924824241 26.5766204416|43.7912245356 16.1650866964 -80.4220120143 16.1650866964 114.136363749 -96.9210712045 -80.4220120143 -96.9210712045 327.511970649|
|437|6.25324233667e-06|273.135976421 -47.27093836 17.122273443|23.835134759 14.7477025696 19.6377349492 14.7477025696 72.1997838554 134.352077229 19.6377349492 134.352077229 1049.67042707|
|438|0.00357093441278|267.264416056 34.944495879 21.1801852762|44.1938770216 8.34375706527 -20.9893723263 8.34375706527 100.653341568 -209.007326151 -20.9893723263 -209.007326151 770.438351559|
|439|0.000249591225593|271.435901011 -52.6072795791 26.8978958688|49.0224980368 10.6647325266 -2.53605889451 10.6647325266 21.4770235567 0.942507925158 -2.53605889451 0.942507925158 171.895249956|
|440|0.000358109987848|282.809045694 59.3612210752 -36.8186935946|38.7115146218 -87.7825143617 -84.234482738 -87.7825143617 328.436497267 236.868336034 -84.234482738 236.868336034 224.955281628|
|441|3.21477261075e-06|320.920812849 71.2645625492 19.2333842952|9.70297136 -33.6857014352 -49.6493584746 -33.6857014352 453.474945648 451.641885885 -49.6493584746 451.641885885 577.976179847|
|442|2.5627455962e-07|274.699686426 53.690609811 22.9434626341|14.8109439958 27.914843653 -41.5366360649 27.914843653 362.105231265 -404.082010502 -41.5366360649 -404.082010502 662.548338781|
|443|0.00113112224804|383.594368545 43.7863811745 -30.7751128361|25.902212423 -0.945565791529 19.3493461892 -0.945565791529 15.9924065687 5.55803803139 19.3493461892 5.55803803139 118.366700562|
|444|0.0033941739627|334.702615212 -71.5119307559 -44.8762015982|9.16401941072 0.304132720117 -25.556449163 0.304132720117 294.717894092 326.541244457 -25.556449163 326.541244457 735.881131328|
|445|7.24068557213e-07|329.153387043 -83.8148548148 -36.6684031439|8.96151105378 -20.4239332871 -11.2300250807 -20.4239332871 187.685080929 -39.3626380332 -11.2300250807 -39.3626380332 147.16731809|
|446|0.00800296618995|266.377837899 -198.139463639 123.139761598|70.0762218019 -5.29910501206 -28.6336722719 -5.29910501206 156.788991607 66.5637416343 -28.6336722719 66.5637416343 200.440745998|
|447|0.00215635396388|378.386275077 -19.0322524241 51.4455766269|26.4427218164 -24.7937142498 -41.8854872365 -24.7937142498 64.4935052993 9.3194420753 -41.8854872365 9.3194420753 256.213402298|
|448|0.00348417506095|269.136645916 96.6333916587 -48.343363304|59.3868480029 -0.758103093778 78.9366902919 -0.758103093778 69.8232026916 -64.295006311 78.9366902919 -64.295006311 307.548796264|
|449|0.00141698170917|376.684477837 31.4252490365 -9.66664319414|42.5889407267 10.8028564808 20.1698813214 10.8028564808 29.1437728239 5.96341235054 20.1698813214 5.96341235054 61.9614013603|
|450|4.67065733765e-05|322.726108323 -87.104579351 -28.0454012692|12.0153710952 13.5092234032 17.1813043942 13.5092234032 369.316716241 -36.4520170778 17.1813043942 -36.4520170778 72.002592588|
|451|9.79828662257e-06|271.945817662 48.1058802829 -48.6700184749|40.5141494516 4.41032564917 10.3118312176 4.41032564917 55.695872589 54.7209927524 10.3118312176 54.7209927524 504.516696268|
|452|0.0034730927581|311.584703364 58.7467504384 88.5479265422|82.7436903079 1.0873045107 -64.8736539388 1.0873045107 28.8781392034 -28.3661840745 -64.8736539388 -28.3661840745 444.872849109|
|453|5.35737111207e-05|281.348756608 72.3362055549 2.65022983115|5.02829364505 11.275034862 -37.6953970852 11.275034862 93.408778903 -169.436309442 -37.6953970852 -169.436309442 417.151639536|
|454|0.00138388037835|327.783323839 65.0358492104 27.4463682068|28.1842726926 -22.9784133797 -10.1818125219 -22.9784133797 184.890726057 3.14988799985 -10.1818125219 3.14988799985 166.181117108|
|455|0.000325889684381|282.068236588 -17.5532674237 -93.6964188545|41.2531753814 -112.39321149 -30.2112942009 -112.39321149 359.781486744 103.121255947 -30.2112942009 103.121255947 66.325662426|
|456|0.000379321138892|269.021855029 -182.861910913 99.854105057|82.3518310895 -54.0780914618 22.3042782826 -54.0780914618 50.0726955878 6.04815196558 22.3042782826 6.04815196558 107.907927844|
|457|0.00158983040462|250.693107639 87.0832637791 -47.9795870341|69.828443447 27.6966216945 47.3235475958 27.6966216945 180.940407919 -12.8039666767 47.3235475958 -12.8039666767 69.9748156721|
|458|0.00044698641334|233.28247234 -150.258888135 -71.5151003204|25.1428823628 -21.682071276 -3.84237022875 -21.682071276 28.8006361759 14.7857734763 -3.84237022875 14.7857734763 119.263851364|
|459|4.56887322e-05|281.342040684 -32.8401365587 49.958137483|88.4297950335 61.2476137787 29.770451592 61.2476137787 138.787322802 61.4661515002 29.770451592 61.4661515002 113.603027323|
|460|0.00777783708889|247.249560691 -176.910783536 -100.168650571|113.147752638 -60.9150638108 40.4234621186 -60.9150638108 132.845211677 -52.6921580567 40.4234621186 -52.6921580567 184.329195738|
|461|0.00194068058596|205.450832968 111.605172515 -28.8125524062|39.9779438507 -36.6202257737 30.6442307848 -36.6202257737 69.0901231761 -35.9886200431 30.6442307848 -35.9886200431 70.9197604113|
|462|8.78040810813e-05|275.09484009 46.6473240441 13.9665849305|9.59320926966 1.5024505465 -22.2488172561 1.5024505465 68.2805333942 -17.8637467216 -22.2488172561 -17.8637467216 561.05325799|
|463|0.000655860123471|236.158318713 -165.284262676 77.5739604619|142.333296907 33.9597209625 4.74068303408 33.9597209625 32.8305520424 -18.2378587753 4.74068303408 -18.2378587753 33.3967316608|
|464|0.000354880078861|323.888813416 52.4441290722 -4.03165033209|9.72924898235 26.2506700985 21.4479784651 26.2506700985 301.670511393 295.829149212 21.4479784651 295.829149212 377.975066987|
|465|0.000568378691837|281.815761179 65.0231885523 81.2618340684|23.7961609337 20.9267594404 41.3794262445 20.9267594404 34.9706140845 17.5477156047 41.3794262445 17.5477156047 166.946448585|
|466|2.14687921994e-05|281.975510179 -26.9486492258 41.7443958089|135.73773221 120.000360163 -3.66441370193 120.000360163 166.591473667 -2.18395574902 -3.66441370193 -2.18395574902 242.059973607|
|467|0.00105013993839|294.826878441 6.19825254883 -20.6982021659|18.7405961764 6.8377208221 -31.2014227226 6.8377208221 132.437550877 -203.523133643 -31.2014227226 -203.523133643 657.006561851|
|468|0.00205193445516|268.746101815 -29.607935899 17.4067848987|87.9619650436 45.6522851904 -21.3886058248 45.6522851904 36.8085253646 -11.4965284538 -21.3886058248 -11.4965284538 297.819332725|
|469|0.00015254293684|271.49649738 71.1457751689 -26.2785251416|41.048924285 -90.7254996104 -25.6855678772 -90.7254996104 380.758719493 89.9206798535 -25.6855678772 89.9206798535 71.8238179789|
|470|0.00030783991838|271.603950312 7.53224554462 -89.1044108994|73.8349912826 -218.643047063 -77.7077428326 -218.643047063 792.765143622 306.355662181 -77.7077428326 306.355662181 153.485058945|
|471|4.15044937206e-07|275.241354933 60.7767676115 1.71130616807|17.4180236279 -22.1364816231 -6.76471461807 -22.1364816231 261.018685885 -127.052249964 -6.76471461807 -127.052249964 298.343419827|
|472|0.000535174647455|272.688146133 -201.513869222 -26.0377416062|3.68251192706 1.93291229412 6.24589505273 1.93291229412 11.3903075864 -9.21956574383 6.24589505273 -9.21956574383 473.966853337|
|473|0.00230302022775|260.867593773 114.370868136 -69.329989163|50.8450404913 -14.1404790081 50.4263302544 -14.1404790081 47.6297862121 45.8920745051 50.4263302544 45.8920745051 246.162935903|
|474|0.00373471494595|269.257115861 -92.2102597769 40.2921646427|77.428659904 25.9162665947 -87.2321181466 25.9162665947 94.2569851324 -109.456983387 -87.2321181466 -109.456983387 278.149487159|
|475|3.4031530775e-05|265.64085064 -53.5649396136 21.4613986255|25.2374382367 -3.34480689408 -43.7171928121 -3.34480689408 115.572825304 72.5993156041 -43.7171928121 72.5993156041 201.57953501|
|476|0.000188816633723|295.227524885 22.7716367205 -74.0989421707|56.0584852199 -15.4729329068 -15.2553515426 -15.4729329068 119.22042457 0.937304931637 -15.2553515426 0.937304931637 24.2117886697|
|477|4.72470508252e-06|274.482725371 63.4709256974 -1.65242974578|20.3473496899 -36.0278315298 3.6487716764 -36.0278315298 274.406160106 -102.281503955 3.6487716764 -102.281503955 252.474766554|
|478|0.0077301534157|275.353059518 -191.514927488 44.8755796974|43.9785122825 48.0660992234 34.8105817098 48.0660992234 146.760254329 67.9058824672 34.8105817098 67.9058824672 734.588078496|
|479|1.02701805369e-07|271.114666218 76.7378244373 -5.48991972749|19.5396723413 -52.2351360406 -49.7251181771 -52.2351360406 388.241728316 391.860781393 -49.7251181771 391.860781393 517.979375844|
|480|3.8219976225e-05|282.99970493 28.3525483954 -22.3295063299|58.0585180581 -115.314849067 38.4943745071 -115.314849067 259.167797047 -61.8655598478 38.4943745071 -61.8655598478 82.1434935274|
|481|0.00130348453306|255.899151396 -80.3463046069 64.9745172742|37.0223515153 -69.419499853 13.218713427 -69.419499853 165.573189383 -53.6421909692 13.218713427 -53.6421909692 126.004196381|
|482|9.07767188025e-07|268.289310288 -71.8287868273 3.67347112782|24.3121700939 51.6302746888 -19.8630752533 51.6302746888 409.125598931 105.720641158 -19.8630752533 105.720641158 247.603491545|
|483|0.00190684166292|223.302830355 62.365492152 29.7132547909|14.4335966466 -3.1405021607 -2.20375876019 -3.1405021607 63.0788239202 -37.3740649647 -2.20375876019 -37.3740649647 93.1228680989|
|484|0.000135755093169|325.716201519 95.7687263278 25.4292973985|14.8904328507 -19.3666403066 2.52979549402 -19.3666403066 766.263445434 -156.486075034 2.52979549402 -156.486075034 118.593407884|
|485|0.000120015417863|300.20911665 8.12115098561 -21.0859320062|37.8020393487 11.5663864506 -28.322530685 11.5663864506 125.157658969 -174.683463679 -28.322530685 -174.683463679 683.545439878|
|486|0.00237159425205|242.442454817 212.360672706 37.2531493349|71.0114125302 -16.0723986775 -36.1493270492 -16.0723986775 60.2089881085 29.9166452208 -36.1493270492 29.9166452208 97.6676682942|
|487|0.00277016920143|226.237300519 186.510114867 54.9665805372|39.0047034501 18.6216139107 55.643587305 18.6216139107 187.901772843 21.4608267474 55.643587305 21.4608267474 363.156386237|
|488|0.00545309948183|257.509391088 105.998296577 68.868369114|80.6043916011 9.01990459632 -92.2350120253 9.01990459632 79.7520321544 -27.853520402 -92.2350120253 -27.853520402 267.055034951|
|489|0.00415537171839|414.323738967 87.1026956791 10.6263201479|37.1845880035 -17.0807664511 4.61336685645 -17.0807664511 76.9092426915 19.0572615775 4.61336685645 19.0572615775 173.49176392|
|490|0.000652113055752|301.878521192 -13.2202852482 0.06145334288|47.093742453 26.5864278723 -50.1217890479 26.5864278723 82.5166113611 -202.486022061 -50.1217890479 -202.486022061 553.363197522|
|491|0.000321262755618|271.573095457 19.2194862896 71.8393657673|51.5872120063 86.1619980835 24.4098686543 86.1619980835 253.599783692 -4.94971986263 24.4098686543 -4.94971986263 50.2878373831|
|492|0.0039101424545|230.510109769 -162.349981826 20.5788393601|86.0927898267 70.0602145681 -159.656876938 70.0602145681 73.2410281562 -94.8107624761 -159.656876938 -94.8107624761 938.915956975|
|493|0.0013280132773|263.115110031 -214.416261554 -47.7649670386|20.2549668176 1.05600781024 23.5198410282 1.05600781024 43.2250192323 -64.1232203759 23.5198410282 -64.1232203759 216.333177237|
|494|8.56879084021e-05|278.452463563 46.5040800326 -27.5838015046|17.427487313 5.16235425655 -85.928327434 5.16235425655 35.907336234 -95.9148208871 -85.928327434 -95.9148208871 1047.04493434|
|495|5.09259615979e-06|268.77827584 -53.8107275323 25.4810442272|36.7521584725 13.8809004481 -19.5808109536 13.8809004481 287.798726084 307.987142366 -19.5808109536 307.987142366 506.975309415|
|496|0.00122339175608|352.23923118 235.711408709 -9.12850612811|22.8216112547 -12.9676279997 -11.9001492973 -12.9676279997 47.2690894393 23.8454927901 -11.9001492973 23.8454927901 69.005462592|
|497|0.00594809166152|221.885476859 -202.840074728 -21.7553303369|57.5676834286 -20.2250833571 -58.8322800003 -20.2250833571 48.7935107192 -35.7226246 -58.8322800003 -35.7226246 714.749009296|
|498|0.00175941594971|251.77673551 168.362331006 -104.309169026|38.2905017096 26.469899033 -68.8419518009 26.469899033 56.9566959696 -116.602583722 -68.8419518009 -116.602583722 380.72035477|
|499|0.00341676349559|272.104182157 -23.888952761 -73.9199601351|50.3936677788 -32.870011349 12.9555463982 -32.870011349 259.647104502 -135.390164993 12.9555463982 -135.390164993 158.672752226|
