#|num|weight|mean|covariance matrix|
|0|0.00126527397662|316.179445378 91.7916517956 78.2460631864|28.672854601 -29.3634869306 -35.4761141848 -29.3634869306 296.305372571 127.41092856 -35.4761141848 127.41092856 161.138660194|
|1|0.0128629724277|255.049535737 -48.1613088447 31.9190048141|149.75105341 139.001987156 -67.1441530808 139.001987156 196.406419246 -98.3045159628 -67.1441530808 -98.3045159628 120.815777727|
|2|0.0259003620333|323.036931212 -35.9524477887 71.9018272076|114.856554058 13.3518833065 -177.585294031 13.3518833065 71.5189306156 -29.3150740482 -177.585294031 -29.3150740482 483.241014094|
|3|0.00336613735964|329.610811544 75.4386845052 47.6469061149|50.7056800692 -39.3985588206 1.07741161985 -39.3985588206 321.351759254 23.2646469249 1.07741161985 23.2646469249 249.306952716|
|4|0.0131437596288|338.148304188 91.8823060237 81.4976576036|65.514987593 93.3339734359 -3.21898114152 93.3339734359 190.524561305 -48.7015666461 -3.21898114152 -48.7015666461 205.83673385|
|5|0.0149540899111|271.943975827 26.6944007093 92.9790784348|92.6942967237 71.4081360696 57.5258786879 71.4081360696 168.228200201 35.8866694461 57.5258786879 35.8866694461 175.488455537|
|6|0.0164748216117|307.795733316 -35.2739303966 56.9610300418|119.138288829 -11.9800256206 -107.054980327 -11.9800256206 98.5680344969 -112.884823122 -107.054980327 -112.884823122 384.59839408|
|7|0.0274661896136|265.935273608 -103.820480713 42.7208404289|70.2403866287 50.077933399 -44.9438594414 50.077933399 97.2736685573 -34.9107714239 -44.9438594414 -34.9107714239 328.248415198|
|8|0.0208802800604|331.950346874 106.945864471 98.4250736979|118.370902984 -9.35723055266 -60.7320532559 -9.35723055266 53.7708307822 -39.8521885515 -60.7320532559 -39.8521885515 202.928525839|
|9|0.0120870203803|267.637338942 14.6680247514 69.6940367295|69.4320948533 98.5269732598 -1.39927549096 98.5269732598 340.698713464 -8.98713243192 -1.39927549096 -8.98713243192 54.7553720173|
|10|0.0246590341406|347.444811146 130.217275939 39.6389505007|77.7023969619 8.04780692812 -43.1459280893 8.04780692812 80.855724336 -69.1820221888 -43.1459280893 -69.1820221888 218.239307459|
|11|0.0253511691886|349.709497054 38.0097886867 91.3474132361|59.6609735778 1.78882858891 -88.9906786397 1.78882858891 78.2227232323 44.6472007184 -88.9906786397 44.6472007184 428.563683588|
|12|0.0195515691131|378.563801959 -31.5080924976 21.0101865968|53.4650868327 -10.3594304085 -11.8492069746 -10.3594304085 63.1870473663 -29.7585286542 -11.8492069746 -29.7585286542 157.856165819|
|13|0.0165004148229|330.556854285 50.2558111038 17.0008504546|69.8270677232 -39.1792890171 -16.0394023989 -39.1792890171 113.378443106 16.1106103978 -16.0394023989 16.1106103978 96.1826156109|
|14|0.0123050946084|280.6562738 -64.0399664656 21.4247188596|14.8090656516 30.5037533347 3.41819380333 30.5037533347 394.177666217 52.1721719354 3.41819380333 52.1721719354 107.723419819|
|15|0.0327745965007|267.655059838 -34.8304480649 99.9327130136|80.4994295948 -44.6661466701 34.97210973 -44.6661466701 161.933363386 -11.7996540138 34.97210973 -11.7996540138 173.658618823|
|16|0.0170910021573|287.16726844 -15.9517388431 43.673775859|175.582063009 114.337623097 -37.3732101797 114.337623097 111.693364684 -1.66162803974 -37.3732101797 -1.66162803974 225.377187324|
|17|0.0122798371904|278.610141322 48.5722164064 97.3724052675|104.894771943 130.844106682 29.0105283834 130.844106682 229.469522279 -20.1045606643 29.0105283834 -20.1045606643 153.065128393|
|18|0.0188776286431|372.963472249 -24.8994701301 49.6807034683|51.7513103568 -5.27921324795 -17.1335652525 -5.27921324795 59.7812343529 -30.2511879963 -17.1335652525 -30.2511879963 213.674618162|
|19|0.031977164992|317.301858259 -15.5230170838 54.2931973455|119.419085746 -44.5826425489 -63.8374547793 -44.5826425489 90.7932296027 16.750984009 -63.8374547793 16.750984009 292.228236404|
|20|0.0160349638228|327.474685888 107.15856292 63.1583520498|56.1697696506 -3.31360095645 -17.8573054842 -3.31360095645 117.401325736 -72.3847078554 -17.8573054842 -72.3847078554 261.026024279|
|21|0.0121041249942|256.776137383 -61.1414141221 23.7929623942|89.0024021996 18.4470717179 -63.1125274448 18.4470717179 239.448006412 -151.872055956 -63.1125274448 -151.872055956 175.564901444|
|22|0.00564066447931|286.902728804 -27.3386210933 62.8601753902|141.665478806 54.4636399685 48.751704279 54.4636399685 157.486989227 79.11750625 48.751704279 79.11750625 147.685478042|
|23|0.00511734075799|278.838776816 -33.524155504 69.8998847752|140.618982795 40.1293578624 36.9222986326 40.1293578624 115.866445405 32.1704877764 36.9222986326 32.1704877764 259.211955291|
|24|0.015751005746|304.39374792 57.2466392315 112.135242131|132.292916162 59.5753992035 85.3757199269 59.5753992035 59.1758343814 62.9777211983 85.3757199269 62.9777211983 222.320664857|
|25|0.0136162075692|298.663481599 -6.23410847631 85.6171123532|104.167841498 -122.978089467 -14.7980632433 -122.978089467 218.899758273 68.5448161656 -14.7980632433 68.5448161656 121.90945985|
|26|0.0252114273691|300.487473009 137.027548678 99.4379670199|82.4740866555 -90.5796507862 2.76466855879 -90.5796507862 218.999049408 -49.059651123 2.76466855879 -49.059651123 113.265214922|
|27|0.00924376968813|298.886897278 -17.2763523914 40.5068254905|95.1844176737 80.9585887934 -14.0014476862 80.9585887934 225.77575794 -77.0201282388 -14.0014476862 -77.0201282388 107.469870979|
|28|0.0108615242681|270.370752152 -40.1080352476 42.5053680971|75.8553997351 1.9711863204 48.9550805189 1.9711863204 116.687385578 112.441150456 48.9550805189 112.441150456 450.294616093|
|29|0.0107549478849|332.308292183 54.7605161557 86.9625793616|198.242527163 -37.2812877091 -41.8063065339 -37.2812877091 38.4462184767 52.7011939547 -41.8063065339 52.7011939547 319.403658197|
|30|0.0267774624644|334.021136855 51.8375740971 77.9510872934|50.5281588735 -31.443302381 -12.1537140497 -31.443302381 174.039711868 -37.7035681338 -12.1537140497 -37.7035681338 456.337534861|
|31|0.0189032947961|298.319679368 65.426979031 80.7321174567|119.816300761 -9.47946813399 16.0090859707 -9.47946813399 58.2398693077 -2.76646156473 16.0090859707 -2.76646156473 101.223054612|
|32|0.0316273053837|325.544724942 48.568040861 129.771392394|108.619511009 -44.4846985151 -33.848465834 -44.4846985151 97.9988409214 24.7570125524 -33.848465834 24.7570125524 178.208248513|
|33|0.029597473636|298.397916545 -46.2855922334 108.740336231|193.891275892 -12.8283444208 -70.5143012062 -12.8283444208 82.9636930636 21.5412688273 -70.5143012062 21.5412688273 124.607035325|
|34|0.0214285179019|324.853595508 127.541485044 14.0313121754|125.342349413 47.1068113241 -8.124562484 47.1068113241 169.626915905 48.2084790936 -8.124562484 48.2084790936 57.2432592913|
|35|0.0293937080228|265.747691599 -80.7999529163 14.7309268511|72.2274089573 92.6345444028 -21.6872042009 92.6345444028 419.057660119 -37.4124042572 -21.6872042009 -37.4124042572 81.62541527|
|36|0.00832739973261|315.595652045 87.8355533248 76.276337851|19.8529134092 -30.7419058149 -34.5484106837 -30.7419058149 300.468259304 181.478649503 -34.5484106837 181.478649503 279.319964155|
|37|0.0524449435647|248.401642146 -93.0649369332 67.1706679994|69.3447976399 -16.2863841734 -35.6586366366 -16.2863841734 133.754418378 -26.5011993353 -35.6586366366 -26.5011993353 387.509052427|
|38|0.0105343294123|323.146705381 79.5254401516 55.0408518596|64.0911217444 -43.163844259 -94.0055084494 -43.163844259 334.448776076 191.566336045 -94.0055084494 191.566336045 397.061353773|
|39|0.0234170226624|327.857132559 -40.0475743203 17.8829516853|61.2903141336 37.0650022555 -0.766324400315 37.0650022555 126.401531196 44.704499342 -0.766324400315 44.704499342 131.024938176|
|40|0.00961553968205|322.091723986 55.5588679657 50.6902635387|62.3196674254 -40.4496864498 -40.3858188368 -40.4496864498 86.7487095176 14.74717626 -40.3858188368 14.74717626 208.467177207|
|41|0.0092725593462|283.680849572 22.4809630138 90.5624112405|46.8864316704 104.226120997 43.8817682963 104.226120997 347.34244975 76.0518407874 43.8817682963 76.0518407874 149.400628784|
|42|0.00929151295534|271.514912672 -4.02994742832 87.3085452773|77.2521839855 123.839524321 64.161930207 123.839524321 470.710417462 281.174661129 64.161930207 281.174661129 257.318167484|
|43|0.0166623717116|330.39113959 128.215770037 31.1876430632|87.4785441583 39.4462624958 -30.3319208224 39.4462624958 182.701229895 -0.839264931727 -30.3319208224 -0.839264931727 93.6751413296|
|44|0.0227711422216|302.232621419 -2.98098523274 15.139332825|73.9395667274 3.95800352141 10.5332277348 3.95800352141 116.947441286 -25.9302367839 10.5332277348 -25.9302367839 87.535350282|
|45|0.0204774915436|327.254763193 81.8044213774 106.49697523|146.422814821 -204.897037317 29.7770977404 -204.897037317 372.977500001 -77.260504429 29.7770977404 -77.260504429 134.506705556|
|46|0.00798980457072|258.181340908 -27.6949123491 66.8892339731|19.1869450073 -5.65250117803 -5.90629315662 -5.65250117803 160.765476719 91.4336278674 -5.90629315662 91.4336278674 185.381502048|
|47|0.0166721262026|327.293408628 91.7482647957 53.9343535578|53.8244047806 -16.9320882284 -5.73876954569 -16.9320882284 298.587216449 -61.5245793208 -5.73876954569 -61.5245793208 303.024030766|
|48|0.012571508607|326.254738173 76.4840579807 11.6597429655|40.8621364179 17.8323143825 12.9889709037 17.8323143825 318.110683018 61.4215456739 12.9889709037 61.4215456739 48.6037809315|
|49|0.00942734556849|371.117306154 -16.9698689236 69.5126088574|27.9021063227 5.56099073305 -11.7702437805 5.56099073305 51.9160242253 -64.363364466 -11.7702437805 -64.363364466 183.109518259|
|50|0.013282889896|286.708283377 -36.2160406523 64.3907875254|159.476245054 54.3426100284 127.223792368 54.3426100284 126.798230099 73.5153490903 127.223792368 73.5153490903 416.615202984|
|51|0.0202806755577|344.072479755 34.1090051629 48.814992881|95.0037746616 -15.7280587859 65.0688303012 -15.7280587859 53.7053774627 -18.440228737 65.0688303012 -18.440228737 206.633649197|
|52|0.0106051391645|273.762842059 37.7444918446 74.3401765424|119.997663357 144.224094322 26.7242137732 144.224094322 303.022470791 37.4123959719 26.7242137732 37.4123959719 67.3132839862|
|53|0.0032175228633|325.68739902 74.8429232567 89.9310398955|64.8293643961 -109.221235561 -11.6726342772 -109.221235561 438.926015086 43.992175088 -11.6726342772 43.992175088 174.979731861|
|54|0.00831833616719|266.668082486 -47.9049125272 41.2103025396|273.067734364 205.91173914 -101.191476572 205.91173914 202.618893228 -82.9699227401 -101.191476572 -82.9699227401 156.449052739|
|55|0.0235015082567|285.911279715 -45.1296654902 77.4115147447|141.123038284 21.9145948658 36.5657279977 21.9145948658 73.1600901722 54.4514106342 36.5657279977 54.4514106342 276.406245208|
|56|0.0231938773249|323.31801273 91.4406921197 31.9461928081|68.8964342368 -79.2033976217 14.5623805126 -79.2033976217 434.466946959 -45.3493660918 14.5623805126 -45.3493660918 105.434350287|
|57|0.00902429433449|267.466588664 3.29846126681 93.5398631896|70.169259895 108.635990848 53.2565795154 108.635990848 374.583580551 135.770212681 53.2565795154 135.770212681 147.572837641|
|58|0.0125368159371|239.331721622 -65.3581440224 60.7084567668|49.1057950844 3.76730599201 26.5155641597 3.76730599201 50.5613893195 -25.0771676711 26.5155641597 -25.0771676711 140.691467865|
|59|0.00473168557205|275.927237678 -14.1543708406 74.3838511768|72.2510851018 32.656578334 0.245798984768 32.656578334 426.657464883 335.444241891 0.245798984768 335.444241891 357.956707834|
