#|num|weight|mean|covariance matrix|
|0|0.000126749215613|413.780277036 -83.5939031801 29.7988965664|259.295064206 312.442976022 154.39994139 312.442976022 1739.08684573 -150.229070214 154.39994139 -150.229070214 661.475041294|
|1|1.20305589184e-06|312.373895162 31.1861708529 -30.3597285881|702.360525769 -424.38767633 346.12463452 -424.38767633 1059.98750893 115.056245291 346.12463452 115.056245291 422.794639536|
|2|0.00255839310672|312.786493787 80.9347031069 87.5585427543|617.26011338 326.916314739 292.373485654 326.916314739 363.010469061 243.565410305 292.373485654 243.565410305 368.416261162|
|3|0.00451752600364|348.671685208 -38.8239539172 124.943687874|1072.7625022 -185.917341615 211.767475553 -185.917341615 174.724975927 -222.382239952 211.767475553 -222.382239952 2900.14449827|
|4|0.00101323012376|392.506921677 -77.8081422274 -43.6493304023|39.3818678751 -18.13188932 -10.8262998574 -18.13188932 347.218336442 157.038777616 -10.8262998574 157.038777616 337.879149623|
|5|0.0044357981578|285.238899512 -242.066126086 -70.9070816352|177.508218327 95.5928904511 -257.128702002 95.5928904511 152.346721253 -360.071675208 -257.128702002 -360.071675208 2581.20718764|
|6|0.000509029065225|274.71594223 -30.3974076935 58.7887414472|239.327930498 22.9939973858 142.210465127 22.9939973858 649.323946957 400.032262416 142.210465127 400.032262416 585.201581417|
|7|1.93274028684e-05|407.821806404 87.7442303806 36.6436746217|293.011370338 -837.319434783 125.332237629 -837.319434783 3857.25252532 -133.293861623 125.332237629 -133.293861623 554.457282675|
|8|8.91076015364e-05|410.271942327 75.5745744019 44.6897456047|206.904921448 -736.017981961 137.842487595 -736.017981961 3864.81282305 -270.24643107 137.842487595 -270.24643107 952.706137892|
|9|0.00259119993716|357.260026948 276.813527711 73.8850548293|372.142656346 -148.317116848 -256.937591115 -148.317116848 457.26123327 -265.745277904 -256.937591115 -265.745277904 657.04901985|
|10|0.00892053731666|337.364792081 -240.614628583 146.750314795|340.832456175 299.076047435 -390.615468027 299.076047435 612.669725158 -79.1996376522 -390.615468027 -79.1996376522 1642.00811535|
|11|0.00128053625793|296.776124376 14.3084571103 -98.845949462|216.596909899 243.391970522 -184.829698492 243.391970522 390.55336826 -140.790007488 -184.829698492 -140.790007488 973.12799336|
|12|0.00150637289941|248.822503533 -210.079319098 -38.5380127917|713.617770133 -417.001765404 460.700051542 -417.001765404 462.034826233 -375.218251763 460.700051542 -375.218251763 698.219325597|
|13|0.00544981438812|307.926298443 128.537088718 -104.067191981|140.044080979 -140.064604568 162.491830668 -140.064604568 750.599320205 -54.4400497028 162.491830668 -54.4400497028 637.267584773|
|14|0.0006215675387|379.595837596 223.681057653 38.6866526222|216.663842048 -37.5685925727 296.138524526 -37.5685925727 494.285792962 193.817531712 296.138524526 193.817531712 719.673876468|
|15|0.000216730142195|344.06967337 -21.95279549 41.3264583373|777.390967648 -448.129533424 -332.936563547 -448.129533424 305.092364019 131.036783312 -332.936563547 131.036783312 824.24223654|
|16|0.00298619199174|268.38266449 -192.500130766 6.0860709441|152.079055342 99.2965216122 137.718201243 99.2965216122 199.995311226 84.9382262493 137.718201243 84.9382262493 849.390545623|
|17|2.42009456338e-05|317.600946126 -27.5693835229 53.8616952888|578.382809378 51.7620938125 -275.817194344 51.7620938125 272.252381758 -227.6282085 -275.817194344 -227.6282085 935.095330403|
|18|0.00733798816112|333.559201816 -38.6202895659 -134.013578644|231.166847734 107.765166635 107.798459554 107.765166635 275.396183405 -249.926700109 107.798459554 -249.926700109 1842.9155371|
|19|0.0048152001542|405.733608289 234.031189834 216.674882712|347.657468457 392.244688299 -536.078731554 392.244688299 1041.07766831 -730.366798634 -536.078731554 -730.366798634 1131.36969821|
|20|0.0069761717056|269.932270053 -226.528612629 -171.994050819|669.188550811 -372.5381438 377.346582617 -372.5381438 487.781571289 -235.498139545 377.346582617 -235.498139545 1078.60656555|
|21|0.000575539380192|425.654691227 -63.2790934921 47.8391165693|117.250892835 200.23663419 -38.8724533074 200.23663419 2134.1930278 -331.226796639 -38.8724533074 -331.226796639 628.856381732|
|22|0.00216377494306|388.432335384 83.1759050524 12.6212019816|33.8033158714 -79.7316104974 -40.6867938494 -79.7316104974 515.907253858 14.0171800628 -40.6867938494 14.0171800628 1089.14131992|
|23|0.000355437468716|273.140701768 59.7432690999 -43.9871437691|133.421971203 -161.139841303 -83.5904233218 -161.139841303 1059.24043678 539.141588967 -83.5904233218 539.141588967 595.012423369|
|24|0.001280806166|320.58160059 -163.087019119 35.1394348848|241.294989156 103.05947479 -344.626964299 103.05947479 150.515455294 -510.440122672 -344.626964299 -510.440122672 1948.95735642|
|25|0.000251447102991|329.198730923 58.1073514594 33.7210121345|76.4715004285 247.62064809 60.0762948326 247.62064809 2285.20203799 -559.381974094 60.0762948326 -559.381974094 717.335230124|
|26|0.00192617132944|476.463810863 -174.969597417 122.282973995|122.286093253 -47.8756708967 62.1520020834 -47.8756708967 101.757633141 -38.7828844623 62.1520020834 -38.7828844623 544.345714569|
|27|0.00336937184452|380.846594034 -151.119010059 -1.1306571396|352.547101303 1040.37438068 227.380042755 1040.37438068 3577.01861433 759.306503791 227.380042755 759.306503791 859.979312927|
|28|0.00020903075928|318.342807899 -32.5378191136 62.8852901449|374.041908337 52.8088705949 -160.31743436 52.8088705949 228.219968928 -138.727711049 -160.31743436 -138.727711049 428.118073319|
|29|0.00174133497752|414.808655359 110.08550462 47.8890942794|218.811442452 -611.649110418 -72.1656462034 -611.649110418 2849.88957275 177.3312438 -72.1656462034 177.3312438 548.036167249|
|30|0.00110916450982|253.138123229 111.927101152 1.9124999639|132.084990804 -356.582677958 -115.78419802 -356.582677958 1285.55725734 405.416265844 -115.78419802 405.416265844 521.058517028|
|31|0.000606840800252|288.647510536 22.5263020006 -18.2732527585|385.84636943 -300.388473055 -4.1348086918 -300.388473055 372.129529564 -123.658117314 -4.1348086918 -123.658117314 834.849926347|
|32|0.00158861673907|283.320574516 -49.2435869768 82.6203161853|319.798919871 -43.4472632663 268.716794918 -43.4472632663 108.499498302 -115.970675575 268.716794918 -115.970675575 833.915657718|
|33|0.00293223939049|360.260584135 195.680315819 63.3880164939|329.562744008 -346.485560895 -25.6159680644 -346.485560895 482.325321287 163.802690985 -25.6159680644 163.802690985 682.965179618|
|34|0.000871803860859|410.024564501 -72.9571749705 84.0331622699|126.688321458 294.830350434 150.569101992 294.830350434 1673.07751041 407.255489007 150.569101992 407.255489007 409.908376707|
|35|0.00133673066543|250.997027265 135.256788369 -65.448405567|145.733245103 408.643223261 -70.8566712516 408.643223261 1569.49658801 -289.632678422 -70.8566712516 -289.632678422 201.179902568|
|36|0.00139436563701|427.659964099 -6.92555901861 74.7348509494|77.2946410321 -5.66849358473 -85.7078832428 -5.66849358473 1999.81818896 9.88366219099 -85.7078832428 9.88366219099 574.404655434|
|37|0.000232935030856|326.371422556 -0.535906941501 -32.7872621468|621.891000684 -332.967489265 225.469042488 -332.967489265 272.729933118 -141.686566686 225.469042488 -141.686566686 172.683096435|
|38|0.00860143465017|338.54195329 -222.238784381 14.3394561828|270.762574816 371.015259423 -373.981519945 371.015259423 722.427430713 -541.722675161 -373.981519945 -541.722675161 2337.24706567|
|39|0.00291550670027|287.712033568 230.089387429 125.035887435|278.602453391 117.434144696 -742.974747656 117.434144696 175.61458558 -512.607187035 -742.974747656 -512.607187035 3560.99060583|
|40|0.000181740757271|391.985543711 152.901118098 46.1920141375|49.139737917 198.262326407 89.0094433294 198.262326407 5365.17421894 1335.42541405 89.0094433294 1335.42541405 686.373258044|
|41|0.00069201427392|437.501366517 -11.2113190223 -22.0529315418|278.564395724 400.457438592 -336.702273496 400.457438592 1640.28575645 -1177.65264462 -336.702273496 -1177.65264462 1800.94856136|
|42|0.00015430026373|321.528715795 -36.062986823 56.0861111737|615.375726305 173.453443057 -204.47462862 173.453443057 177.340085801 -122.51791519 -204.47462862 -122.51791519 463.076909964|
|43|0.000329977136205|299.279515785 10.0754458881 1.2593167967|250.410288482 -265.727633019 135.55066745 -265.727633019 595.091636852 -713.581367233 135.55066745 -713.581367233 1870.36133135|
|44|0.00417044170395|412.789021908 43.6734231889 5.6512589987|164.623992558 -355.221102063 -85.0036969843 -355.221102063 1041.32132418 -175.378580749 -85.0036969843 -175.378580749 2586.43862984|
|45|0.00864835968241|452.26599397 12.500647054 153.236416734|907.908636713 -1028.99001115 -355.964102728 -1028.99001115 1364.82276201 256.913651664 -355.964102728 256.913651664 997.087794434|
|46|0.00364018052814|369.222387675 277.564237228 228.146756934|814.848545078 -21.2973950032 -635.188327492 -21.2973950032 163.688717285 -122.318299571 -635.188327492 -122.318299571 818.170587287|
|47|0.00104635224309|355.424967302 263.728939217 52.1795541841|111.079248433 -60.9625262072 67.2504560926 -60.9625262072 706.467195442 -540.845636189 67.2504560926 -540.845636189 670.48327929|
|48|0.00484526058531|434.017086526 7.0674399093 234.138114151|257.686277224 -6.54816665517 -223.222738231 -6.54816665517 414.703925929 -113.509751296 -223.222738231 -113.509751296 560.611680587|
|49|0.00630201556194|356.225254153 31.6716007449 -258.291064821|1340.95356475 -86.3346251443 40.4254319765 -86.3346251443 330.469780651 110.207967773 40.4254319765 110.207967773 217.852762966|
|50|0.00111061119846|231.844544219 -208.882616074 15.9167446044|156.474939137 -109.333067608 155.266746124 -109.333067608 246.126244718 -433.859585936 155.266746124 -433.859585936 986.541630563|
|51|0.00187981685922|323.851739834 39.5508379816 -73.2830236766|128.164862788 -32.6702605645 174.365010594 -32.6702605645 247.574291167 -143.682302294 174.365010594 -143.682302294 647.243775356|
|52|0.00231995173133|324.704649519 170.333013099 -96.690397375|294.580334165 208.400615061 598.746409302 208.400615061 237.702198767 465.398653939 598.746409302 465.398653939 1607.983051|
|53|0.00462145114103|332.879802882 -307.14595764 -97.681898353|160.035244986 6.7221557624 36.5680496887 6.7221557624 118.425378063 22.0118978586 36.5680496887 22.0118978586 2142.63912363|
|54|0.00113201904079|436.453779829 -79.9686977023 61.3717087009|118.008030375 176.759550555 -101.409327241 176.759550555 934.961263554 -337.989389044 -101.409327241 -337.989389044 305.754999066|
|55|0.005719162218|395.734931262 172.818866553 -38.7871597452|799.556766307 -1701.19320216 -119.524784623 -1701.19320216 3839.61981721 494.5535745 -119.524784623 494.5535745 843.749350638|
|56|0.000384495680102|296.034481669 -8.93941163831 14.0639119704|310.165050716 278.541572755 29.6126988828 278.541572755 417.115728054 -105.864564028 29.6126988828 -105.864564028 692.318351258|
|57|1.8651948039e-05|350.227319682 -15.2669615841 2.3163471028|1527.44976137 -821.10047237 769.992820163 -821.10047237 649.345594349 -667.010188397 769.992820163 -667.010188397 1393.85293814|
|58|0.00160494703531|432.381719378 -114.1574223 148.795485164|119.327746735 57.499178073 -137.718410673 57.499178073 235.341368712 -318.482425666 -137.718410673 -318.482425666 621.835372457|
|59|0.00374811310403|272.525779639 40.3025600434 96.693109923|416.997332035 478.040149438 493.430752489 478.040149438 746.877430073 442.754982881 493.430752489 442.754982881 1009.38517572|
|60|0.00330484695308|258.643127461 52.1809939319 -95.648052854|807.894092301 -651.066207064 -1678.99512347 -651.066207064 656.33645687 1458.04543383 -1678.99512347 1458.04543383 4189.61103875|
|61|0.00786738016348|396.141959956 -173.513859557 -10.2515105292|557.516550101 925.107674266 643.386808288 925.107674266 1855.83179624 707.321360605 643.386808288 707.321360605 1970.78891328|
|62|0.000731273586164|418.536611934 -28.3470652944 75.9697925809|35.7391858063 26.6677834677 -80.614590076 26.6677834677 3322.86763211 302.697023411 -80.614590076 302.697023411 543.380192814|
|63|0.00469195092175|377.099028972 29.0724331071 -60.847366684|93.0096082173 77.9421423728 174.240950708 77.9421423728 420.239667872 -97.22235338 174.240950708 -97.22235338 1964.36385381|
|64|6.65398992476e-06|335.001913161 -11.6802555302 40.6742515|1354.09766931 723.179055905 -536.23846773 723.179055905 822.144804235 -238.551624866 -536.23846773 -238.551624866 535.280011489|
|65|0.0016707477482|407.242084339 142.724755963 -9.3695225197|753.303596357 -1507.89846649 -1060.63934912 -1507.89846649 3370.96903794 2274.28712537 -1060.63934912 2274.28712537 2169.77895266|
|66|0.000233292348589|418.721447988 -52.3129221943 19.6968128146|304.517866544 440.715073672 204.574734901 440.715073672 1508.93368865 212.278201156 204.574734901 212.278201156 729.17050437|
|67|0.000339193834814|366.129473489 217.83586916 45.769184718|373.472885371 -371.386290518 -124.8636501 -371.386290518 764.526225528 281.31555435 -124.8636501 281.31555435 770.637123884|
|68|0.000375438416132|271.238843228 -233.255417432 -3.0324532368|765.383704634 -500.540709179 452.257899297 -500.540709179 463.288599828 -278.656436907 452.257899297 -278.656436907 373.31084653|
|69|0.000102911032748|304.508902359 -5.58861330228 12.846809158|113.679836898 -30.8618668261 130.536379216 -30.8618668261 885.835421614 -1413.74873437 130.536379216 -1413.74873437 2870.13544191|
|70|0.00602335203862|237.66163282 114.131764959 65.216494454|321.781743603 -147.846035385 113.282100442 -147.846035385 229.705767993 -197.107090381 113.282100442 -197.107090381 792.566658555|
|71|0.00720055309277|270.82191147 205.480268967 -74.8186172044|110.152648587 -56.0042897932 105.797934693 -56.0042897932 328.404250878 -506.829334012 105.797934693 -506.829334012 2961.90586272|
|72|0.00269371370706|262.713754547 -111.360220617 43.5137823596|215.660795789 272.255809803 -76.9580394814 272.255809803 490.791851813 -205.547600675 -76.9580394814 -205.547600675 521.607660464|
|73|0.000381248074325|263.068834946 194.066432743 41.0463270329|114.031048726 228.211634083 -73.2089229208 228.211634083 862.346020209 82.1266681089 -73.2089229208 82.1266681089 1418.70317389|
|74|3.17464356423e-05|412.214847681 -74.0644265055 33.8497640075|188.345601635 -121.877836536 194.031547414 -121.877836536 686.10828876 -266.005290348 194.031547414 -266.005290348 735.162017615|
|75|7.75713764089e-07|340.64146904 102.574418407 48.4418930711|661.128694092 1900.47134807 125.633207204 1900.47134807 6373.36617919 104.870912545 125.633207204 104.870912545 373.534568366|
|76|0.00160150338973|314.739310264 -93.0283696096 100.324718511|83.3432753005 -79.0935561894 -82.5986449721 -79.0935561894 632.484272427 408.231808236 -82.5986449721 408.231808236 538.582119349|
|77|0.00162276460017|337.98802871 264.355115565 2.1224882623|337.074046429 -265.482552917 -99.9823747859 -265.482552917 318.110811353 165.253362921 -99.9823747859 165.253362921 929.173369246|
|78|0.00623561947892|388.975934849 295.064959549 6.9463823674|501.180983583 -271.906242879 51.5944781328 -271.906242879 253.660574215 212.392544957 51.5944781328 212.392544957 1628.46189208|
|79|0.00464283427702|244.869829811 -132.452669648 -13.1051207172|354.971675111 420.245022094 -462.957324953 420.245022094 729.917797947 -710.589739435 -462.957324953 -710.589739435 1272.72789626|
|80|0.00194059633511|388.06187847 -95.4268418359 19.4408875469|70.030927473 112.150366624 124.091497942 112.150366624 635.705793771 -15.028557378 124.091497942 -15.028557378 825.659671982|
|81|6.79710768959e-05|418.560671324 8.45950634163 79.7371115591|46.1356678201 -187.105351822 -126.154563651 -187.105351822 2548.88187084 717.789538139 -126.154563651 717.789538139 1313.09744202|
|82|0.00156002805995|280.742165664 9.49319111604 100.568527488|232.943272277 558.189893883 80.1198989621 558.189893883 1736.78510728 164.698629418 80.1198989621 164.698629418 273.421354589|
|83|1.61753619003e-05|398.238652 114.670204896 33.1800356818|154.894418907 -360.888109248 -29.7669825788 -360.888109248 4661.39896442 1093.05655786 -29.7669825788 1093.05655786 554.521892068|
|84|0.00371520622796|203.868054081 154.650497512 73.4246795551|702.744356454 76.9590322086 1294.05901042 76.9590322086 82.5250208393 294.212956235 1294.05901042 294.212956235 3512.49991186|
|85|7.32322048815e-05|310.90573185 -19.7706133512 41.8242801655|143.561172906 -66.5363924302 67.0208586448 -66.5363924302 619.796056075 -921.71877388 67.0208586448 -921.71877388 2031.39991844|
|86|0.00117146137314|449.787536682 12.7756548138 -43.7457027253|198.276138615 -204.182271211 203.246306861 -204.182271211 744.572455825 -418.267869989 203.246306861 -418.267869989 1218.49178079|
|87|1.02551073769e-05|327.630436044 -70.3773082932 -29.7831028101|158.494007068 -542.442112998 47.3888376475 -542.442112998 2310.35165412 -317.857634937 47.3888376475 -317.857634937 401.670332479|
|88|5.8669995548e-05|264.988502558 -8.73471938071 7.4164952139|37.0868504234 177.872796039 -107.393177103 177.872796039 7036.76533914 -360.84937882 -107.393177103 -360.84937882 2001.96972993|
|89|0.00292438912116|218.760129577 211.51326676 6.2912564182|92.5995787775 69.4689640438 203.245692366 69.4689640438 91.7508006056 40.9512883887 203.245692366 40.9512883887 4519.57885508|
|90|0.00666687311553|352.446203952 5.49905835895 -177.827989572|1020.75394756 -138.337543703 237.481120315 -138.337543703 277.404248913 274.163251626 237.481120315 274.163251626 820.841178629|
|91|0.00213488215495|260.03826612 223.170391086 -196.740665533|106.103947588 151.719214713 -176.144099486 151.719214713 503.680580195 -615.762474142 -176.144099486 -615.762474142 1234.66057388|
|92|0.000389996421285|354.869509874 -6.12540063627 -29.0510461253|674.33453362 -417.626169387 8.48363224118 -417.626169387 578.71233133 187.728720696 8.48363224118 187.728720696 205.399889995|
|93|2.3992396864e-05|291.184803353 -34.8919214878 10.001739394|250.622594301 549.657358661 133.291349273 549.657358661 1580.90324095 30.3172226862 133.291349273 30.3172226862 464.697084377|
|94|2.34505326389e-06|334.266964631 -1.77333157496 8.8206577197|745.062367572 61.3111339784 -81.2398530711 61.3111339784 612.508632255 -478.188711715 -81.2398530711 -478.188711715 1472.92571724|
|95|0.00810245548396|480.113714865 -85.3140450219 -11.5955156188|65.6111214674 -140.850649505 4.78619443383 -140.850649505 1910.46036904 243.854343491 4.78619443383 243.854343491 737.189022186|
|96|0.0111140017596|366.428264404 -37.0696401395 172.627677183|540.835742638 73.0213826046 -68.6913941161 73.0213826046 426.350966137 -27.0074779189 -68.6913941161 -27.0074779189 915.678904831|
|97|0.00212778651509|448.240255931 -63.4239913753 72.1694254838|414.044587191 -274.078915952 -496.682014322 -274.078915952 699.309625349 342.287847343 -496.682014322 342.287847343 706.173055079|
|98|0.00754028167998|284.673225371 251.735602739 244.778608786|625.358116893 651.165701656 -245.605228042 651.165701656 1029.66413313 -233.734093443 -245.605228042 -233.734093443 514.168817875|
|99|0.0047622896433|244.101945675 -86.9845144835 70.2907269404|123.675429981 -80.1908606588 28.2503785188 -80.1908606588 329.012921551 -179.552139929 28.2503785188 -179.552139929 697.798767785|
|100|0.00199404957365|352.660931178 -131.052894664 -50.7360155589|813.48446971 226.193552496 428.279388433 226.193552496 181.417383795 -97.618738547 428.279388433 -97.618738547 761.865201991|
|101|0.00218402911714|304.423645502 -13.5483731315 98.0702387367|177.644192167 -183.357358413 -3.92832594292 -183.357358413 371.467446075 31.8243208803 -3.92832594292 31.8243208803 479.775204066|
|102|0.00229663388905|266.453022046 241.396288683 -32.0330689341|198.231118939 105.975730127 28.8139106922 105.975730127 243.432035275 48.6912696461 28.8139106922 48.6912696461 248.905808955|
|103|0.000881900038295|432.571103094 -85.3334910403 27.0264904828|63.5084489575 221.229715447 -48.6770390702 221.229715447 1489.17623854 -511.343184 -48.6770390702 -511.343184 592.716223189|
|104|0.00127178843586|336.082875267 56.1177683182 43.6006648917|34.7841214017 106.686230697 33.9326277326 106.686230697 1963.80684283 -306.981905583 33.9326277326 -306.981905583 361.943302011|
|105|0.000953247379933|303.105187574 -51.2076401621 -83.705201194|217.382923763 -253.582805341 25.1144797577 -253.582805341 380.217258845 -115.131158106 25.1144797577 -115.131158106 276.844478244|
|106|0.00119130277125|323.977199054 -62.1978898648 3.070544053|74.2793375627 -132.126725534 -137.124992826 -132.126725534 543.251598841 446.736578016 -137.124992826 446.736578016 536.793804884|
|107|0.000179989812771|411.86829213 -53.1099327808 1.5887776454|197.389263208 100.139325389 235.430082714 100.139325389 567.918608755 270.67522937 235.430082714 270.67522937 637.061773878|
|108|0.00903599201127|423.125508059 -6.13590354797 -215.479724071|433.507882937 86.5445314819 460.235852099 86.5445314819 547.951683574 -107.392091325 460.235852099 -107.392091325 1034.95134144|
|109|0.000219445694417|308.837082706 -33.8536422169 52.763306153|519.11664923 475.744775934 -99.5216455023 475.744775934 829.461360842 70.9518153284 -99.5216455023 70.9518153284 221.144608322|
|110|9.86929088388e-05|391.256573132 -20.4735496928 -5.3312832083|49.2387062809 196.487963027 45.2140281533 196.487963027 10647.8749284 3953.59956322 45.2140281533 3953.59956322 1618.92184433|
|111|0.00564548598838|430.869346245 253.602342459 126.512236426|97.609905196 -125.573173091 -64.4469361005 -125.573173091 873.242352751 -116.595882805 -64.4469361005 -116.595882805 912.958889076|
|112|0.00495795146143|337.154757866 291.524528512 30.7708659699|150.139299917 70.635096136 -127.47460038 70.635096136 451.321644618 -319.158782058 -127.47460038 -319.158782058 1473.37195313|
|113|0.000492458843652|307.501956887 -20.7841171037 48.6221441966|317.10197378 165.321678844 113.755102384 165.321678844 452.159979653 -160.795463636 113.755102384 -160.795463636 420.623598818|
|114|5.24134853743e-05|322.568235594 -30.2842732774 53.4755676767|559.131109391 58.6709738184 -314.66181572 58.6709738184 198.743592788 -145.905977887 -314.66181572 -145.905977887 780.279003132|
|115|0.00147589157715|267.542876124 83.7278456221 35.5927456113|180.780623912 -404.679661771 395.128514346 -404.679661771 1427.64987961 -637.827631263 395.128514346 -637.827631263 1279.8021834|
|116|0.000140160655559|297.079774032 -35.846736133 42.5707777684|669.285495705 416.692492287 203.684009121 416.692492287 628.677192839 83.4602891547 203.684009121 83.4602891547 251.293879225|
|117|0.000466147766011|263.536658068 -227.70467765 -10.4957346239|947.086161573 -617.183180608 651.954581597 -617.183180608 559.868914829 -418.958805677 651.954581597 -418.958805677 568.56173867|
|118|0.00021314023637|387.836667683 -30.9337708749 34.1150398846|495.230164014 -699.053613068 244.097764682 -699.053613068 1213.01748603 -451.520880793 244.097764682 -451.520880793 1168.20921556|
|119|0.0020319328305|399.650334094 90.6391845642 72.5913324655|59.1447845555 -213.334160843 138.11252169 -213.334160843 1291.92065031 -450.616505279 138.11252169 -450.616505279 1078.80293795|
|120|0.000296043952406|387.402441174 -39.4696227919 25.9880578747|224.112151325 -198.727658735 94.1956787945 -198.727658735 410.960180964 -252.114857415 94.1956787945 -252.114857415 857.228074888|
|121|0.00364359461817|379.373351528 -115.553260422 235.648190754|235.488345464 -301.517612452 -146.609770765 -301.517612452 834.449922322 15.150765985 -146.609770765 15.150765985 507.916033666|
|122|0.0009211916788|262.97223142 44.5415571692 -24.8305704678|969.520523783 -724.57078272 -240.993201095 -724.57078272 690.535618388 -14.3450356922 -240.993201095 -14.3450356922 880.958222397|
|123|0.00368518913786|397.951106244 107.428845952 -53.2957520286|251.350270605 -606.922623277 -372.332470969 -606.922623277 1787.82478158 890.625394854 -372.332470969 890.625394854 1137.22336592|
|124|0.000177404339369|323.097941994 -13.084666835 254.594811796|699.268185104 -570.470594259 -184.840139104 -570.470594259 502.99585603 166.14637763 -184.840139104 166.14637763 84.0693186684|
|125|0.00276387449319|295.341882327 253.386381206 126.042437019|327.832746511 368.145832395 16.1513738642 368.145832395 569.070448058 -58.8965121358 16.1513738642 -58.8965121358 2990.65142088|
|126|0.000868621867385|377.980606101 -105.306195333 -59.9595229593|396.04944812 77.6302490081 548.727073224 77.6302490081 61.8872774591 52.4615066739 548.727073224 52.4615066739 1096.70955299|
|127|0.00252573162028|272.091111179 -81.221525415 -20.053540043|75.6354083438 161.100033734 48.7159521473 161.100033734 811.089498685 144.436659592 48.7159521473 144.436659592 728.363258045|
|128|0.00661276933776|246.352509909 -189.082011475 -230.293618526|393.675905234 14.1344220965 39.3288617916 14.1344220965 286.039399572 37.8935972658 39.3288617916 37.8935972658 638.555903999|
|129|0.00922035074706|288.802550472 167.185021359 -80.126159761|609.438712626 -547.282393843 1593.23377091 -547.282393843 746.232463563 -1732.75124196 1593.23377091 -1732.75124196 5612.89987135|
|130|0.00155133040468|295.4103336 -116.805351698 106.855655025|222.656120029 498.288550701 180.846497642 498.288550701 1441.28171185 667.968651403 180.846497642 667.968651403 533.34844451|
|131|0.011037851216|479.952609532 90.4624166595 2.9029091494|77.6549073543 229.442414546 63.3771476827 229.442414546 2034.02039569 49.9053842345 63.3771476827 49.9053842345 1070.93950865|
|132|5.54716994863e-05|325.081593434 -24.2784822169 41.5064200968|472.887020564 -67.9358356889 -252.643349388 -67.9358356889 192.326305691 -117.910580509 -252.643349388 -117.910580509 1049.97994752|
|133|0.000299889745396|309.050333121 -26.1868020958 46.9954860538|489.17777578 536.314175821 109.827815267 536.314175821 939.314715854 79.3838605656 109.827815267 79.3838605656 168.846462073|
|134|0.000217565427393|411.978946095 -89.9737485101 39.5373177209|173.509079948 101.57293399 131.290268972 101.57293399 1276.9240643 -193.134514725 131.290268972 -193.134514725 717.344940836|
|135|0.00258169543473|195.978377358 157.330600245 34.7866392617|542.217099871 120.241261103 302.269022102 120.241261103 184.539245208 367.91342494 302.269022102 367.91342494 1085.46576089|
|136|0.00230145622276|268.319991472 -35.6842149727 -24.5694561675|96.136385369 -62.402110922 119.931336099 -62.402110922 399.400708966 -493.945113926 119.931336099 -493.945113926 1043.29719705|
|137|0.00177085201477|464.019113118 297.868309184 135.731003976|438.930448459 115.113711587 -354.183454053 115.113711587 66.9520577457 -176.32948339 -354.183454053 -176.32948339 1037.07875335|
|138|4.50756463993e-05|314.018168343 -9.55314227135 36.9689103029|386.871470922 382.56635624 172.279601599 382.56635624 654.774879948 -10.4752111527 172.279601599 -10.4752111527 379.228455596|
|139|0.00346595662134|367.456027716 -276.987577871 -62.8938604032|384.906429284 162.503059328 -175.565797184 162.503059328 212.206701082 -133.073168424 -175.565797184 -133.073168424 549.941419965|
|140|0.00975278873372|407.168629922 -269.690588708 7.7685778193|1040.50212218 822.7481715 -64.027468053 822.7481715 731.990032612 -96.3471018902 -64.027468053 -96.3471018902 912.503327951|
|141|2.42598493315e-05|322.044486472 -27.3318728531 51.1615961888|680.674610476 60.1225404897 -291.895318434 60.1225404897 220.524235795 -101.945108059 -291.895318434 -101.945108059 679.149296331|
|142|0.00177325545473|313.679691477 247.879407977 24.5147919873|400.876995215 40.1497708789 313.5873318 40.1497708789 118.305238926 -9.71941939429 313.5873318 -9.71941939429 925.566212977|
|143|3.01648828367e-05|329.581869303 -13.9078383392 -39.9725883732|94.4671768729 52.7013728638 102.495284663 52.7013728638 1400.62900309 411.33577561 102.495284663 411.33577561 355.190856842|
|144|0.00338797110408|315.917081123 -245.739272463 -22.958208853|523.864794672 -69.4448441389 -572.510703833 -69.4448441389 172.497456429 56.3621026335 -572.510703833 56.3621026335 1074.10118066|
|145|0.000234172491555|418.992614363 -58.1630255104 50.6854801074|179.042924637 353.694402042 61.7168800818 353.694402042 1825.29113736 -231.181458497 61.7168800818 -231.181458497 622.572037654|
|146|1.90847630374e-05|401.528436709 44.1803766721 17.1113438142|147.854761196 76.0697449915 8.79466970985 76.0697449915 6393.99734295 2263.45463002 8.79466970985 2263.45463002 968.354107912|
|147|0.00268517562815|322.754705743 -133.895962881 6.9518905915|164.243183994 110.01574556 -273.708822755 110.01574556 305.938136889 -520.658143543 -273.708822755 -520.658143543 2033.66836669|
|148|0.0032108319913|421.463539795 81.5992625958 17.1060908681|428.991594062 -996.287448024 19.3443510763 -996.287448024 2999.49262883 116.830829145 19.3443510763 116.830829145 1054.25944928|
|149|0.00271218983258|255.580244138 -181.112079838 130.081588424|53.9523965659 -4.50178173053 -24.3448393416 -4.50178173053 350.191856201 -139.023556416 -24.3448393416 -139.023556416 810.504198732|
|150|1.15895761225e-05|294.137109027 -26.5988871689 42.0667874024|460.398834962 292.929006837 43.8112639676 292.929006837 548.845951755 -346.023924576 43.8112639676 -346.023924576 1088.39059777|
|151|2.70958783257e-05|340.303213165 -20.2713099014 39.2582676709|874.139899101 -128.765407943 -433.07856921 -128.765407943 122.737431502 73.0225190766 -433.07856921 73.0225190766 591.984435426|
|152|0.000232738961309|274.705800151 42.5468949584 -37.3437851092|647.009340956 -500.969513943 -5.90729284869 -500.969513943 582.91458954 -199.696169151 -5.90729284869 -199.696169151 777.280832568|
|153|0.00020705711367|420.708661908 -63.3535041516 41.3419651362|192.102747327 306.81967075 34.4073044234 306.81967075 2071.29752807 -337.20993356 34.4073044234 -337.20993356 566.610199478|
|154|0.00760613130666|268.546266698 184.64442196 191.246071744|772.025167359 286.919730001 461.9249097 286.919730001 253.315582738 342.37637866 461.9249097 342.37637866 1275.43103486|
|155|0.000992957998614|409.078088066 89.5138087291 75.1953686142|143.367927094 -627.826903494 30.0022260016 -627.826903494 3973.72800295 -391.080570029 30.0022260016 -391.080570029 659.597201554|
|156|0.00132583826426|404.538431266 131.966772002 -9.8432681172|368.787915947 -882.176256764 -348.3649195 -882.176256764 3070.3559154 1547.43137358 -348.3649195 1547.43137358 1477.8823988|
|157|0.000204116919689|398.687173546 -87.5190788944 22.4065544553|110.320557194 -256.886629756 182.762927515 -256.886629756 1231.01903109 -463.717202888 182.762927515 -463.717202888 1011.02724995|
|158|0.000192079662078|287.152721553 -39.1698338027 66.4209961638|399.340902617 196.585741741 -141.437720007 196.585741741 583.640968834 177.820339025 -141.437720007 177.820339025 368.612798509|
|159|0.000520557390154|425.186148555 -52.2061144169 27.0274955326|236.0217847 347.50965488 10.852234148 347.50965488 1627.41983251 -258.669973688 10.852234148 -258.669973688 1069.27500018|
|160|0.00517233194197|382.784596496 -24.1692318358 112.514395108|750.20393123 9.51702019832 1121.68188152 9.51702019832 159.602779012 146.857066151 1121.68188152 146.857066151 2579.06061971|
|161|0.00346163933384|342.205644301 33.9742136002 -130.781569219|1424.60586909 -632.827620804 -846.761214114 -632.827620804 359.690287238 545.789919093 -846.761214114 545.789919093 2645.22055603|
|162|0.000755583154733|269.679172704 -121.692861566 -3.6577844064|320.049221311 627.70723941 601.748846473 627.70723941 1290.77512853 1234.13454195 601.748846473 1234.13454195 1300.37922604|
|163|0.000964857387149|314.68897739 232.914622123 55.7270667078|389.553881896 58.3480141657 135.429915786 58.3480141657 35.2414491048 50.2931032414 135.429915786 50.2931032414 488.602776155|
|164|0.00409335848839|329.642001251 117.174964372 33.8666005737|265.016691252 -46.3585179927 296.491094457 -46.3585179927 163.014762892 -351.665358203 296.491094457 -351.665358203 2011.69662481|
|165|8.56647923534e-05|320.340568592 -23.5977429866 52.6426971151|556.229371458 18.4261621261 -168.731121152 18.4261621261 238.651272102 -12.7714207929 -168.731121152 -12.7714207929 294.669806648|
|166|0.000787491130553|284.047957123 -17.1829598957 22.1805368813|373.905000925 287.689175207 20.0703163469 287.689175207 299.006181649 10.7376133222 20.0703163469 10.7376133222 616.556614487|
|167|0.000161300202153|388.483818331 15.0735184846 7.0804908029|36.9579202186 252.133602901 65.8559885048 252.133602901 11950.0891879 3910.78523359 65.8559885048 3910.78523359 1493.75836717|
|168|1.7150001512e-05|507.532374567 105.332309427 257.906377995|18.2698725354 -16.913537741 -38.1472869391 -16.913537741 30.9410034906 63.5449947208 -38.1472869391 63.5449947208 148.59216971|
|169|0.00503447086337|294.907936376 -152.625488447 123.22418426|290.479019321 549.209202948 -185.789695824 549.209202948 1713.06239487 -255.966742364 -185.789695824 -255.966742364 382.334306726|
|170|0.00377279697648|207.614987824 102.276335914 -7.6681564635|127.14768677 -128.144481034 228.191600855 -128.144481034 356.897776549 -262.302481216 228.191600855 -262.302481216 1084.75532083|
|171|0.00349761083487|256.750391483 229.592826694 35.4911999387|1076.25242604 840.3343708 -761.156961771 840.3343708 807.213049229 -519.769398788 -761.156961771 -519.769398788 1022.74091892|
|172|0.000170920823998|304.362342538 10.8356820403 -17.289930706|186.364847376 -198.814710529 211.963344134 -198.814710529 558.525857388 -796.147502778 211.963344134 -796.147502778 1957.18369022|
|173|0.00310560948964|349.45574365 -139.67238751 21.8558796402|153.923476105 -122.732947532 -94.2255063505 -122.732947532 396.53722193 -243.117645157 -94.2255063505 -243.117645157 748.503334979|
|174|0.00019200482785|398.997001738 124.638523183 34.4462755864|198.014891163 -481.393979739 22.7442502843 -481.393979739 2703.70407044 217.687799855 22.7442502843 217.687799855 566.937245154|
|175|0.00966170707452|503.092520049 -61.0247982927 111.562603612|134.63921035 80.3730271005 17.2286175272 80.3730271005 663.06036469 -44.3421678349 17.2286175272 -44.3421678349 1286.64783478|
|176|1.2870173111e-05|331.788026361 79.5490848078 38.1852473225|426.034155501 1292.08983721 154.248145836 1292.08983721 4553.10086904 51.0448877285 154.248145836 51.0448877285 620.273975097|
|177|0.00453943838222|221.906654021 18.4784364161 15.3055616144|58.9463147992 -18.5105511948 -39.9048972777 -18.5105511948 1301.61058245 676.056123075 -39.9048972777 676.056123075 918.933995933|
|178|0.000432709844605|407.561976277 -90.7800956815 14.996964602|306.570773209 428.101411535 95.4541784582 428.101411535 1550.73806301 -374.2412005 95.4541784582 -374.2412005 1006.5520829|
|179|6.21267287697e-05|284.278214079 -47.1395165746 26.3561804915|353.344176393 559.539786659 97.5120123125 559.539786659 1193.25405708 0.963273067027 97.5120123125 0.963273067027 510.069390547|
|180|0.00142478636505|265.976177569 230.13039504 52.7001661445|944.566946705 782.196493284 75.4841412982 782.196493284 835.906512215 121.099349992 75.4841412982 121.099349992 863.800432001|
|181|0.00259232208522|220.846685075 176.274495126 -1.1914047534|146.746738221 66.596701757 294.001384518 66.596701757 278.82622278 214.406637776 294.001384518 214.406637776 1171.75030696|
|182|0.00562030319434|351.298742955 216.358367429 -40.2711647013|250.212555387 -116.644012037 -217.885389052 -116.644012037 248.140779322 -128.052228098 -217.885389052 -128.052228098 1995.4224452|
|183|0.00125923408068|380.711511069 -30.3837909652 14.51487452|175.804926563 -81.3876114955 7.70489986274 -81.3876114955 235.843463051 -187.761888388 7.70489986274 -187.761888388 600.424999072|
|184|0.000739074013591|270.461383469 47.4674161089 -48.1008731314|602.486334279 -451.584374027 -114.11421627 -451.584374027 536.485387095 -68.5053316051 -114.11421627 -68.5053316051 590.171477256|
|185|0.000368744127346|296.786543011 -7.89881338217 15.844583204|252.185396837 243.396552256 -53.284797854 243.396552256 424.621828 -246.615843974 -53.284797854 -246.615843974 965.213460215|
|186|0.00649991372527|270.262762361 -212.12736817 76.7757955537|106.052387626 10.3094838539 9.07365000559 10.3094838539 552.911800627 411.314360271 9.07365000559 411.314360271 1453.12138793|
|187|0.0074934631417|445.544696072 -9.6403609691 -125.944245018|258.904745559 285.206544479 220.169115592 285.206544479 825.648608705 445.002058163 220.169115592 445.002058163 1114.84849891|
|188|0.000584689738705|249.538849384 -38.8504067659 21.2386320197|99.8364411596 -203.094084294 39.5807934692 -203.094084294 614.730601111 -87.1167928663 39.5807934692 -87.1167928663 161.387381742|
|189|0.00933457404017|297.045304442 49.5311927033 -174.393261034|415.492087754 57.0598690233 -372.303261354 57.0598690233 175.98585047 23.3527050003 -372.303261354 23.3527050003 2450.37715165|
|190|0.00341408362616|315.616996833 59.00147905 120.218714117|176.099840218 21.5555318816 -90.4776956027 21.5555318816 140.014423606 -27.8390721702 -90.4776956027 -27.8390721702 952.148332466|
|191|0.000294776971993|298.614694112 -30.9748501487 96.4580199649|191.275331216 -179.316668216 86.6694353506 -179.316668216 569.95247949 -96.4317377652 86.6694353506 -96.4317377652 318.03914257|
|192|0.00655161767711|401.942298914 -89.1612418496 -165.021044795|154.735409391 -169.728259455 218.518436539 -169.728259455 1156.76283619 -751.064780929 218.518436539 -751.064780929 999.486076668|
|193|0.00540731259163|418.982026972 264.31347122 24.493700635|249.28272663 -219.127128251 -189.402322222 -219.127128251 301.310592001 342.329105196 -189.402322222 342.329105196 2195.26463267|
|194|8.58468922561e-05|408.496789041 80.044652678 51.583112395|183.268020932 -726.324164604 127.481914188 -726.324164604 3926.45286042 -311.072079127 127.481914188 -311.072079127 1036.8783135|
|195|0.0022252432616|312.739325686 -101.33599845 -66.0487198462|39.6175716024 18.4716433747 79.9320412327 18.4716433747 935.929570025 182.437992373 79.9320412327 182.437992373 535.693711494|
|196|0.000160825235585|399.367007769 -33.8694935198 4.3300410713|336.275097563 -150.007716923 359.871147166 -150.007716923 206.095574881 -201.826871561 359.871147166 -201.826871561 703.901413586|
|197|0.00479105998272|219.000310991 -158.572763291 -136.909697603|299.481629805 -26.5096663618 -583.099167821 -26.5096663618 101.01673133 249.299435025 -583.099167821 249.299435025 2821.04732352|
|198|0.00173736671486|310.476840475 -154.353957612 68.2521670828|430.344429521 133.169551817 -537.023730145 133.169551817 230.748773208 -418.504665259 -537.023730145 -418.504665259 1532.81207541|
|199|0.00334905637087|169.829609625 -148.191141074 -6.6954881743|176.001083799 -2.37272554303 -127.816139324 -2.37272554303 78.9691634958 51.2770703858 -127.816139324 51.2770703858 883.949260263|
|200|0.00338575986472|241.513585905 -33.449357225 40.1512090041|213.712611619 79.2290711173 810.659240503 79.2290711173 388.084647385 358.131916774 810.659240503 358.131916774 3604.6662796|
|201|0.00125794853751|364.341101631 150.444538987 8.6204059001|352.500385777 -14.7641766377 288.649808199 -14.7641766377 374.490697408 -210.454676283 288.649808199 -210.454676283 500.18305351|
|202|4.685573987e-05|355.174376048 -24.3727433513 22.9175787306|656.167786801 -102.449138048 -210.314051317 -102.449138048 107.387050512 -8.30023865298 -210.314051317 -8.30023865298 813.519365411|
|203|3.78770278287e-05|406.399883457 93.9584744218 34.8938918815|273.177645342 -777.046140932 87.4208330626 -777.046140932 3775.4142211 44.570205755 87.4208330626 44.570205755 559.977616513|
|204|2.89263295543e-05|317.759815057 23.4186526677 -40.638944336|573.812465685 -160.383618516 391.655525451 -160.383618516 350.092913154 -48.4777646852 391.655525451 -48.4777646852 524.459590928|
|205|0.000156420748372|296.692433825 -9.49638804172 13.609013849|319.547278589 303.714902819 26.3547008205 303.714902819 516.110478615 -222.134915555 26.3547008205 -222.134915555 863.873512151|
|206|0.0048288306105|397.651389107 140.703280491 192.379296106|94.3522787726 6.01867219587 -67.5996224739 6.01867219587 1158.74442539 644.452349724 -67.5996224739 644.452349724 954.517848237|
|207|0.00531060342793|218.295423885 -145.529590109 -33.5627820146|123.164221708 -45.9989401528 -87.0716802348 -45.9989401528 660.577052223 -290.349469845 -87.0716802348 -290.349469845 775.027304109|
|208|0.00397330403042|301.502445087 -126.538515031 -113.30185395|215.325063277 268.026074703 -73.946375724 268.026074703 562.530550605 -259.477018797 -73.946375724 -259.477018797 541.108009098|
|209|0.00904101563345|383.391913457 -187.800781303 156.267816417|526.013332857 140.362636205 -153.165017363 140.362636205 181.86972216 151.072059105 -153.165017363 151.072059105 1435.83639882|
|210|0.00145122241438|279.054098693 -36.7004974895 -63.2690446362|60.5373732522 196.112800441 -72.9351368186 196.112800441 1794.21637488 -364.862188871 -72.9351368186 -364.862188871 284.745876499|
|211|0.00418512578112|367.823562913 32.3540450037 -17.3708120555|781.351193764 133.094060149 362.632285879 133.094060149 129.694750642 27.3069507113 362.632285879 27.3069507113 779.225197081|
|212|0.00155977057044|264.482086564 -23.5636004145 82.6865989017|399.20265572 -130.813993455 461.886911893 -130.813993455 445.770287792 -164.18080371 461.886911893 -164.18080371 870.480841325|
|213|0.00693082862228|270.032713075 -260.978521444 -199.415087669|919.937033864 -907.944030975 525.650726491 -907.944030975 951.098611816 -510.057392182 525.650726491 -510.057392182 1696.58993401|
|214|0.00376239191822|303.642757657 -141.045377229 18.345251674|224.582315322 395.427467953 -499.342134289 395.427467953 1090.22505159 -1253.66995771 -499.342134289 -1253.66995771 1906.67177011|
|215|0.00333455364749|344.193603371 154.832569545 -40.4763981005|252.822345286 174.253459245 332.903561485 174.253459245 493.083239348 56.8878681356 332.903561485 56.8878681356 807.46800514|
|216|0.00727522677249|218.907985541 -166.39719031 86.5766846763|581.401508222 115.258350965 210.638103566 115.258350965 167.57068713 -121.31207136 210.638103566 -121.31207136 907.261891015|
|217|0.00711267104739|487.738256732 -84.0567230823 194.995148338|1474.39731345 -823.733451834 -1658.79330984 -823.733451834 620.288144335 907.009008204 -1658.79330984 907.009008204 2239.5705343|
|218|0.00583031135821|427.846810962 163.845796656 137.332018346|605.16194973 731.16584019 -83.3599034441 731.16584019 1035.05382867 -169.454067374 -83.3599034441 -169.454067374 778.407969391|
|219|0.00390380018145|410.02707354 -3.50199338558 -153.626629783|264.968486192 146.640780515 702.960243038 146.640780515 492.793785653 189.548840649 702.960243038 189.548840649 2609.48562251|
|220|0.000272424116548|272.203934877 -32.9140838317 58.2830341087|205.535598967 98.9850347486 128.938879495 98.9850347486 825.831798264 527.693635089 128.938879495 527.693635089 685.068067607|
|221|0.00342805709906|394.327171673 223.948807005 154.054127613|216.332175406 -82.118945509 381.262570857 -82.118945509 218.648607174 -492.491407453 381.262570857 -492.491407453 1929.20855902|
|222|0.00167316080533|236.645125739 17.831978998 -28.5150462807|152.206871008 147.14945281 8.72261261167 147.14945281 288.86387244 40.5115253887 8.72261261167 40.5115253887 283.255873082|
|223|0.00101742515748|452.633544939 16.9791503618 -48.5152618986|158.982245582 -152.357898478 109.824248218 -152.357898478 984.913133306 -603.531702661 109.824248218 -603.531702661 1011.31581761|
|224|1.5920548117e-05|323.708489012 6.34497860572 -20.6513347266|956.308827651 -552.073000852 580.738345676 -552.073000852 707.664311269 -804.883732021 580.738345676 -804.883732021 1557.00943349|
|225|4.9441318361e-05|343.691035594 -10.6842230532 -18.9270426325|1465.88425584 -841.655816011 800.00909797 -841.655816011 643.938536109 -586.556632363 800.00909797 -586.556632363 833.074904418|
|226|0.000326261208192|316.290551384 -233.127826767 30.8986481203|45.9984951186 69.948860855 44.0153043253 69.948860855 187.494160987 109.015643797 44.0153043253 109.015643797 159.926483583|
|227|0.000212084216536|277.687708474 -26.6506724908 13.4084780546|468.539076874 369.996476045 -256.020102743 369.996476045 391.933464389 -240.152249253 -256.020102743 -240.152249253 458.350437839|
|228|0.0025148229051|376.107431125 -25.7635169687 59.3386095733|381.927909015 -818.100192549 -8.90645385694 -818.100192549 2120.83317972 102.483218931 -8.90645385694 102.483218931 364.328703534|
|229|0.00671883460189|267.219039273 258.759899577 -204.460015715|935.897314039 908.826133579 543.710457965 908.826133579 937.225134508 540.992504765 543.710457965 540.992504765 1491.7601393|
|230|0.000116619486296|326.88756664 -34.8045413311 42.2592915484|636.230699596 301.383623578 -152.909781734 301.383623578 281.553751936 -27.4421665246 -152.909781734 -27.4421665246 194.598754297|
|231|0.00851167420042|351.459976537 222.828652449 -153.482372476|685.523214059 -479.177378171 400.486618176 -479.177378171 564.111571287 -143.464414527 400.486618176 -143.464414527 870.791092684|
|232|0.00499802386535|475.001184964 -135.57976897 124.809300271|530.552389785 647.816705501 -226.034369818 647.816705501 949.635086092 -247.591521391 -226.034369818 -247.591521391 743.757405728|
|233|4.64560053339e-05|322.036402121 -28.1460055597 49.9849870235|514.362317765 12.2255162692 -312.552094268 12.2255162692 217.912168509 -197.203583174 -312.552094268 -197.203583174 1027.79339287|
|234|0.000881991938758|401.119005978 123.551987734 24.3296729206|248.575514432 -578.168450495 8.80840586372 -578.168450495 2676.33408305 238.394092059 8.80840586372 238.394092059 647.880990593|
|235|0.00292290417508|255.411777724 -219.073040003 -49.1003441299|940.674967094 -497.338752764 581.005606341 -497.338752764 446.18002564 -469.541430881 581.005606341 -469.541430881 811.447249177|
|236|7.65738194227e-05|299.343733331 -20.3422067316 14.4881242501|257.3203973 361.193617517 152.296881801 361.193617517 865.407445066 -113.062856469 152.296881801 -113.062856469 573.897190989|
|237|0.000106034488337|415.103932674 -60.0138049912 17.7950319317|225.505121233 126.789246695 241.037265854 126.789246695 852.632142687 122.788559287 241.037265854 122.788559287 586.404485613|
|238|0.000549223389267|258.567500589 -66.4766692022 28.8178783094|55.7196664801 28.0736426407 -8.9849859468 28.0736426407 496.686917491 107.661176007 -8.9849859468 107.661176007 421.222929234|
|239|0.00133146919895|282.382925994 -27.3714552078 119.09557757|234.689544508 -284.721788494 39.4070607752 -284.721788494 999.865835844 5.09209789831 39.4070607752 5.09209789831 123.145830767|
|240|5.60681807335e-05|394.926283295 140.757385048 37.2797075092|169.355949065 -423.811204673 -11.2223378269 -423.811204673 3136.7757907 474.814293236 -11.2223378269 474.814293236 440.018121869|
|241|0.00682234171004|303.074364195 129.684681538 113.230264158|515.612546661 -620.671418953 16.6532618744 -620.671418953 1072.61944103 -174.723382245 16.6532618744 -174.723382245 384.895171546|
|242|0.00982507766219|397.697233392 316.018311722 127.997011997|334.705578817 -211.346409822 127.687409953 -211.346409822 344.230965732 -299.441741706 127.687409953 -299.441741706 1512.39037434|
|243|0.00218660506275|338.57340682 -63.1763525608 -64.0203602469|140.564694619 213.930018341 -174.470189652 213.930018341 796.062370217 -192.756042623 -174.470189652 -192.756042623 706.738580361|
|244|0.00131186063999|427.498304232 -86.3442704591 98.6071849635|468.744721226 -572.382513161 -153.027796543 -572.382513161 851.600295489 205.749063677 -153.027796543 205.749063677 150.13711747|
|245|0.00437031768367|208.71104356 -91.6184068756 10.7555115899|171.876933898 198.43999737 -247.861262922 198.43999737 424.458571286 -397.99863812 -247.861262922 -397.99863812 950.958696195|
|246|0.00100864837884|257.863458272 29.2990436166 -65.6570916831|371.427530441 -507.880801721 -341.804123217 -507.880801721 1306.9577905 561.836368708 -341.804123217 561.836368708 476.012625556|
|247|0.00496741302067|441.341152563 55.2140191339 -113.234748133|285.400394156 -237.514054753 -81.3322648723 -237.514054753 798.1012758 683.879495246 -81.3322648723 683.879495246 957.886649454|
|248|0.00214334365217|243.932234371 143.13373639 -24.096568508|209.815629739 -194.554472866 -53.4756325416 -194.554472866 277.456063479 -20.0620255147 -53.4756325416 -20.0620255147 788.694003945|
|249|0.00125767587617|348.857076669 -263.252004276 63.0512740292|36.6867119657 30.0635056933 8.00343151758 30.0635056933 845.482133745 376.165443629 8.00343151758 376.165443629 773.642086784|
|250|2.35432588181e-05|341.631541137 -22.8311857782 35.4111090092|892.6176651 -98.6377521833 -398.884667804 -98.6377521833 136.243594799 0.164835135433 -398.884667804 0.164835135433 818.560233955|
|251|0.00799629960802|312.246937834 243.607405088 161.678335414|161.503077714 232.039861225 -255.455078792 232.039861225 775.600312255 -584.85328685 -255.455078792 -584.85328685 1839.17270512|
|252|0.000819293994683|357.794672678 232.503109085 45.2782596334|299.51064395 -53.8152708016 303.051272026 -53.8152708016 263.046194239 -119.686536559 303.051272026 -119.686536559 1118.47717053|
|253|0.00064563729899|390.196740928 120.09036199 11.2477851354|141.970456605 -385.896519831 -11.4895288212 -385.896519831 1652.29517286 -223.301764661 -11.4895288212 -223.301764661 478.01052671|
|254|0.00110870527424|310.784174102 265.155362641 -6.7665516601|460.950584103 423.451840252 -238.979425785 423.451840252 483.986875996 -236.303442674 -238.979425785 -236.303442674 619.803976214|
|255|0.000556908959934|345.561615364 137.444550384 26.897443257|299.419178844 276.612180795 -179.450383785 276.612180795 1026.18042182 -978.485147986 -179.450383785 -978.485147986 1387.78166194|
|256|0.00305809562031|311.142755919 -22.8756642608 167.977893313|304.323561768 17.4099714679 346.305887801 17.4099714679 78.3962305809 116.039088863 346.305887801 116.039088863 1587.1852691|
|257|9.74167758445e-06|361.505662158 -15.9491140987 -1.4405088845|1689.64928726 -888.389766467 789.994040132 -888.389766467 744.482000275 -655.619217573 789.994040132 -655.619217573 1207.61924699|
|258|0.00677647655546|232.225749407 170.774248313 -102.299951518|548.080582368 -64.359380906 -224.193056639 -64.359380906 101.322252162 -100.346553977 -224.193056639 -100.346553977 1410.87283678|
|259|0.00450895200711|277.601991758 82.7983553231 6.3806123757|91.4820142875 -247.774271546 -229.278501148 -247.774271546 1182.04145704 628.533313817 -229.278501148 628.533313817 1387.6643368|
|260|0.000109494908901|343.007699941 -26.2857578994 34.6659932196|384.190824556 106.646841853 -172.567819137 106.646841853 129.733433893 -31.2562110966 -172.567819137 -31.2562110966 388.674231392|
|261|0.00555300731039|347.355732801 137.606220507 32.8865428186|873.036035604 -676.672775323 1296.10740039 -676.672775323 675.933480333 -1341.05652692 1296.10740039 -1341.05652692 3301.33004225|
|262|0.000323938903513|280.987998366 -41.2858021032 59.2376046145|574.391885957 223.571556645 124.390129886 223.571556645 325.797000201 -37.2290762544 124.390129886 -37.2290762544 572.331657553|
|263|0.000169428098939|410.684789199 -88.3368642247 33.2301435125|190.97848178 142.665006992 171.564281319 142.665006992 1276.28261901 -146.761615287 171.564281319 -146.761615287 830.103751712|
|264|0.00190808846891|464.250205931 -39.7941936027 34.8603363273|229.173850565 -415.217161302 146.847029171 -415.217161302 1606.22266924 -692.148644405 146.847029171 -692.148644405 468.361460976|
|265|0.00217263086023|305.416579953 10.8953303058 -107.937205121|127.376663114 69.2640959181 103.984203176 69.2640959181 137.548676195 -308.59022602 103.984203176 -308.59022602 2644.42926905|
|266|0.00302230445837|267.218553136 3.39406563556 -115.801924381|108.400368629 -151.436525027 -64.2922571793 -151.436525027 492.279049645 101.38214269 -64.2922571793 101.38214269 635.002026644|
|267|2.68313531174e-05|415.896000035 43.3173912059 25.7586729813|186.461665236 -449.163597693 156.227998225 -449.163597693 3692.89305192 -90.2361724187 156.227998225 -90.2361724187 460.080916232|
|268|0.00421768219342|324.902051338 69.4953789751 34.750047292|86.2585233764 -119.034723407 -30.3389873541 -119.034723407 684.682591412 244.410083449 -30.3389873541 244.410083449 942.024734006|
|269|0.00292872186947|413.908602702 133.940471019 83.9988565497|71.6642784759 -97.1588827297 -36.1974440234 -97.1588827297 703.781991379 -274.363679942 -36.1974440234 -274.363679942 999.262829497|
|270|9.95233917348e-06|266.374326707 -4.1608910974 7.6080784226|296.500458811 69.3433316396 -44.2194577908 69.3433316396 7019.59890151 -3417.41480086 -44.2194577908 -3417.41480086 1931.80098464|
|271|0.00615783394177|425.799536243 -32.649278439 -47.9018589062|370.802213724 336.022685886 -261.472648006 336.022685886 661.640874448 62.4277702004 -261.472648006 62.4277702004 1780.44544539|
|272|0.0129354732012|382.35654794 42.1540707396 -184.954850659|1062.45556557 -238.89743459 144.818029957 -238.89743459 223.699744148 -75.5708102545 144.818029957 -75.5708102545 1318.44151788|
|273|0.00244646554082|360.455596448 224.813940955 33.2022666228|284.219178718 -157.884808245 124.586636811 -157.884808245 434.317508469 -4.32684875055 124.586636811 -4.32684875055 1042.98615502|
|274|0.00398338486959|212.879048346 185.478435877 135.195801693|468.36638484 225.168578759 961.822500337 225.168578759 263.955674651 374.302308421 961.822500337 374.302308421 2542.56835677|
|275|0.000153293420214|409.384878435 -111.85054096 24.80550751|535.165346792 569.63389058 211.138446239 569.63389058 1499.16107102 -312.23822204 211.138446239 -312.23822204 590.749233129|
|276|0.00086285606167|257.453133317 65.391945798 -25.8515134097|231.639727782 331.063470706 -171.581795234 331.063470706 730.838287336 -460.171439146 -171.581795234 -460.171439146 433.363013339|
|277|0.00717307761689|280.554065702 -236.860589655 -252.856453587|611.964641512 -431.575075114 121.474386278 -431.575075114 773.075109898 -30.4252089873 121.474386278 -30.4252089873 294.007949505|
|278|0.000894423322501|292.493022755 -12.8997743776 22.0425065125|408.181545222 287.372537241 151.578226547 287.372537241 299.197401259 85.6112454712 151.578226547 85.6112454712 588.156849253|
|279|0.000569030815123|417.681743981 46.135390206 97.3052928322|159.042063372 -294.344862185 -393.572147712 -294.344862185 1865.49473761 226.51324982 -393.572147712 226.51324982 2120.25075324|
|280|0.00156079296241|390.004864787 202.2888695 81.4354925745|170.268121751 -178.667520972 -179.921339241 -178.667520972 573.743179056 209.249130084 -179.921339241 209.249130084 362.639737337|
|281|0.0068849663685|334.060701257 -295.607798762 31.7409665383|157.305081003 -0.96775893227 -57.3696520837 -0.96775893227 338.07211781 403.699570056 -57.3696520837 403.699570056 2887.63958303|
|282|5.54883088765e-05|322.210586167 -19.6847804259 48.4625309955|534.115797292 119.952450751 -139.834359045 119.952450751 346.846767043 23.72053858 -139.834359045 23.72053858 202.608413916|
|283|0.000238202831304|307.218080022 0.765528243066 6.269369559|127.512225538 -171.797041002 309.225151946 -171.797041002 681.625126452 -1132.62394489 309.225151946 -1132.62394489 2639.53611374|
|284|0.000440189277278|361.909419373 234.066726081 12.0703349006|333.22614697 -340.279787022 213.276441964 -340.279787022 622.2862686 -159.548177073 213.276441964 -159.548177073 996.87552622|
|285|0.00482672404352|236.962386161 195.273583151 114.495858144|328.952973613 196.50464854 739.208906526 196.50464854 292.345999884 763.347722737 739.208906526 763.347722737 3719.51157145|
|286|0.00151482616165|277.388450172 -165.518624559 59.4653358077|152.332862953 81.4919902908 -6.76868317172 81.4919902908 185.483136167 266.170019669 -6.76868317172 266.170019669 1110.97559012|
|287|0.000432296039678|352.052190322 -6.11820642868 -32.0612802564|772.011639673 -506.635634956 63.1748156187 -506.635634956 644.303529646 127.177836182 63.1748156187 127.177836182 228.49187868|
|288|0.000380203491131|372.897133398 181.871191356 11.4219016311|289.222347618 -229.382330102 259.390698021 -229.382330102 941.226905499 -360.575193871 259.390698021 -360.575193871 449.551872979|
|289|0.000444314070429|393.954220857 -27.6195899535 -9.6079480703|556.537000293 -84.1793873131 670.443394772 -84.1793873131 83.0030939176 -103.364469594 670.443394772 -103.364469594 1042.44886554|
|290|0.00514320017243|329.978782826 313.042171893 131.224817573|303.929633554 156.819478507 12.8608636372 156.819478507 149.523972238 -38.7761382907 12.8608636372 -38.7761382907 2386.38791328|
|291|2.27755807521e-06|396.356667307 -29.066337107 8.8754258235|2249.01993583 -1051.00618736 1276.08320101 -1051.00618736 747.574908329 -751.575052918 1276.08320101 -751.575052918 1141.02670576|
|292|5.1843831419e-07|383.144943781 -30.5119531119 35.2785095161|1821.83108442 -422.280524146 -13.0570771959 -422.280524146 268.024540893 -73.789516192 -13.0570771959 -73.789516192 476.669302871|
|293|0.0102598970362|377.260212476 -16.0210434617 240.274298552|1150.15975398 322.899571829 -395.331109417 322.899571829 412.276246252 -56.6494872043 -395.331109417 -56.6494872043 658.01295535|
|294|0.00424766375432|342.529266484 40.2286461852 111.490102727|199.451292614 -22.6153111572 -300.221000263 -22.6153111572 142.59644984 81.337457482 -300.221000263 81.337457482 1135.01686237|
|295|0.000434367757823|373.640767875 233.385952718 18.2034477109|298.826382858 -363.215222035 151.215583141 -363.215222035 617.693467752 -8.20362936881 151.215583141 -8.20362936881 578.001943456|
|296|0.000402619268622|268.318376088 -18.114798939 75.724254774|171.979522574 251.522277403 144.933178693 251.522277403 1163.84024041 205.524459605 144.933178693 205.524459605 346.894701474|
|297|0.00169810663407|428.248578068 13.652094054 -60.171630883|87.6451798938 134.422643918 163.265269607 134.422643918 582.871261343 -85.6686521967 163.265269607 -85.6686521967 1682.45396013|
|298|0.00293365550061|214.462939066 -206.924209252 7.0800892784|84.8911978547 -63.6761319568 -188.340093484 -63.6761319568 87.8246654345 112.174158966 -188.340093484 112.174158966 5664.81762572|
|299|0.000347694561842|471.74562224 67.2549408944 198.659713107|1516.79941248 2139.19701586 83.2421841929 2139.19701586 3096.89175752 129.488872273 83.2421841929 129.488872273 66.0225288101|
|300|0.000130588089313|312.55366377 -35.119944618 69.3932659809|245.111532633 19.2926808365 -88.9270072531 19.2926808365 300.0927721 -281.812998478 -88.9270072531 -281.812998478 649.98745144|
|301|0.00114643357861|409.425962958 -73.0643907538 71.1031986927|147.012066531 -112.38900549 210.678516798 -112.38900549 566.34791537 -533.725316269 210.678516798 -533.725316269 862.028794431|
|302|0.00344931679305|267.25093358 225.585431588 46.2855183519|59.5711875371 91.0710913012 80.2325269457 91.0710913012 668.388584435 310.791925365 80.2325269457 310.791925365 1518.85165197|
|303|0.00240131005055|418.743682559 -10.1566365679 147.182176391|80.7156064453 40.7193257642 -178.305474235 40.7193257642 700.574547835 520.077167756 -178.305474235 520.077167756 1966.92194487|
|304|3.5930141495e-05|344.816284888 -0.911256123927 -29.6146793544|1384.3746189 -789.896279074 485.839669305 -789.896279074 693.669052798 -272.295453152 485.839669305 -272.295453152 348.58685231|
|305|0.00760361071902|339.206596698 10.0790551754 -231.861432315|1071.33127205 -233.209278856 92.8607670051 -233.209278856 290.54414356 74.5070656218 92.8607670051 74.5070656218 508.263998306|
|306|2.99058820259e-06|317.531355483 16.2022659822 -25.5149280991|702.29637418 -239.277011258 554.783881871 -239.277011258 558.479410755 -580.216739026 554.783881871 -580.216739026 1682.59780868|
|307|0.00159956120759|395.316818601 -107.10893085 85.5021209522|70.59919264 2.55550360901 103.122125921 2.55550360901 266.890260343 -21.1999850266 103.122125921 -21.1999850266 382.86103394|
|308|2.93985035002e-05|365.438457489 -24.6887349111 10.0729316181|1340.10734881 -587.569909953 586.659705661 -587.569909953 398.14087592 -419.079261816 586.659705661 -419.079261816 1141.93560856|
|309|7.69912170487e-05|404.276556013 96.0191425827 59.6686552594|142.953363344 -600.55680874 137.208203512 -600.55680874 3320.33780676 -423.614798544 137.208203512 -423.614798544 1045.897416|
|310|0.000308519123619|331.727258261 -35.867132347 49.4750172878|397.629047773 177.059602384 -310.47206165 177.059602384 160.932146206 -170.690823618 -310.47206165 -170.690823618 629.820516932|
|311|0.00136927136837|241.703538692 -199.07761667 -49.6246358429|272.198466903 -209.446777233 -39.8060434436 -209.446777233 609.849197653 -232.322166589 -39.8060434436 -232.322166589 419.027590881|
|312|0.00103566438858|398.42829136 201.248967919 39.3664860909|138.415784076 -280.004474261 -46.7069613499 -280.004474261 767.244658366 259.976081383 -46.7069613499 259.976081383 440.470348686|
|313|0.000465613944287|386.157434359 -21.3211629173 -3.6620175612|18.9030685109 30.1559440099 -1.92292327414 30.1559440099 9053.79695772 3341.12425618 -1.92292327414 3341.12425618 1395.01103326|
|314|0.00369256249786|268.839809782 203.005819165 141.790947028|502.207060495 333.652955451 1111.66626667 333.652955451 448.254108357 921.956414349 1111.66626667 921.956414349 3781.51991782|
|315|0.00215476605769|459.729183889 65.8776373303 -64.0084650018|96.655371755 62.7262260847 -67.6693196431 62.7262260847 455.651697677 -321.536786779 -67.6693196431 -321.536786779 526.893807456|
|316|0.00679027827088|311.320436929 268.856827538 -213.635029724|363.015408812 82.2812622707 426.973190506 82.2812622707 301.066804002 55.3140372693 426.973190506 55.3140372693 1084.10710796|
|317|0.0010663160766|359.992128407 221.318663236 85.5845470784|467.95585782 -598.924789911 -185.266586009 -598.924789911 1032.11898861 313.907681358 -185.266586009 313.907681358 368.386608865|
|318|0.000704557794295|402.731987427 -70.5664949162 -16.4145284895|192.041653148 314.689821942 -0.0461271479773 314.689821942 951.600147535 -193.038910947 -0.0461271479773 -193.038910947 673.97280573|
|319|0.0003216826056|289.863535955 -39.4516666978 20.580399183|269.796569086 399.849984465 109.44237947 399.849984465 931.403098449 -53.220198887 109.44237947 -53.220198887 405.799313589|
|320|0.00846084631837|320.075225904 303.485764005 -72.7799519575|154.98946824 127.288331593 136.004121102 127.288331593 243.949496353 314.561716972 136.004121102 314.561716972 6103.39055414|
|321|0.00890315035526|299.464610486 -272.879411835 216.2478042|574.015555769 -228.308621044 -182.833793693 -228.308621044 244.892364856 52.0197131381 -182.833793693 52.0197131381 1087.60347294|
|322|1.46466270704e-05|402.463444067 106.535637465 43.8529960568|325.210943247 -970.788713231 153.482656657 -970.788713231 4148.11073494 -223.078987806 153.482656657 -223.078987806 601.710792412|
|323|0.00875270157625|432.53646444 -128.226588056 215.24104064|972.347347517 162.363671866 -804.319030679 162.363671866 176.440429363 -44.6107568358 -804.319030679 -44.6107568358 1247.51783638|
|324|0.00026143793637|294.409541118 32.4618543377 -80.324881546|182.112453868 59.9175993491 16.6668303803 59.9175993491 297.079790346 -91.1959029311 16.6668303803 -91.1959029311 422.370055342|
|325|0.00438522494899|451.493437227 19.209765537 67.7635236401|222.917362892 -241.381277898 -319.688980752 -241.381277898 748.441781268 341.70215001 -319.688980752 341.70215001 895.067117779|
|326|3.8945073147e-05|355.379256125 -23.3112317042 30.8083791827|936.142642016 -226.885233473 -350.091989161 -226.885233473 150.618902762 38.4084842813 -350.091989161 38.4084842813 770.523793488|
|327|0.00364920412601|441.805932849 -11.1659359369 130.25901318|155.996252565 -18.1547137156 -341.767021857 -18.1547137156 208.518014409 263.240393887 -341.767021857 263.240393887 2068.09593501|
|328|0.00192680953822|370.776649173 10.1188157191 38.0755941017|414.453688714 -609.852887712 111.427285319 -609.852887712 974.772748376 -146.67794734 111.427285319 -146.67794734 527.399042957|
|329|0.0030264927907|253.345834607 -171.473453419 -93.072998274|163.923902951 -164.543880087 61.6695757209 -164.543880087 284.815097795 -156.308243178 61.6695757209 -156.308243178 1010.9068383|
|330|0.000295663962254|426.939683996 5.78171035148 35.1105455315|51.5977451012 -58.6147270029 48.7440245624 -58.6147270029 2416.88071816 -153.638364819 48.7440245624 -153.638364819 1096.65251041|
|331|0.00356235493027|415.769533661 74.5688644608 96.2112647447|206.744434699 -270.470125714 -494.508312963 -270.470125714 1176.22024539 516.299519432 -494.508312963 516.299519432 1916.51381858|
|332|6.49486933333e-05|313.502667768 -24.3982185273 58.4131972257|306.589326398 49.2191066553 3.0254020274 49.2191066553 352.950860563 -190.209388119 3.0254020274 -190.209388119 385.802103534|
|333|0.00368201431381|362.384418361 -238.884846834 -86.46703962|190.74945015 169.80440125 188.102216045 169.80440125 1048.54588635 563.746109822 188.102216045 563.746109822 580.847402523|
|334|0.00012241773318|314.892471623 -22.4786501382 58.4556407994|348.455834193 195.930328352 -167.11120513 195.930328352 430.390996738 -39.7470689999 -167.11120513 -39.7470689999 285.951940084|
|335|0.00819158841411|306.424466503 -51.5989200834 183.486592964|812.845879542 -261.124120299 693.486021355 -261.124120299 236.419632064 -118.184680661 693.486021355 -118.184680661 1369.45346276|
|336|0.0043994599402|365.048286333 185.725540722 236.855113531|365.519112959 32.547490266 -182.675625763 32.547490266 184.625716756 -158.26716016 -182.675625763 -158.26716016 639.52917026|
|337|0.00465688692283|462.57090672 217.304807033 12.6761863337|221.318665616 -319.226653204 89.537392364 -319.226653204 608.823479754 -226.217258033 89.537392364 -226.217258033 778.711883372|
|338|0.00173828756154|436.993504907 237.133419397 85.2447091565|1018.95833247 -762.849667565 923.13554606 -762.849667565 637.567766775 -722.125044911 923.13554606 -722.125044911 1126.34274603|
|339|0.000673176870298|423.84883757 33.0100961838 -13.3852929321|126.912996005 -276.905286018 159.406549411 -276.905286018 1408.31598429 -891.06667611 159.406549411 -891.06667611 1161.79324533|
|340|9.25329172044e-05|356.337570786 -21.9650423749 24.8680509736|688.346955575 -41.3723158853 -339.08416938 -41.3723158853 76.0057909771 48.5563161392 -339.08416938 48.5563161392 539.836144309|
|341|0.000594312127233|282.179533818 -39.5039293966 51.1037537536|194.105924949 35.8194321311 145.946686784 35.8194321311 691.860330936 411.420023488 145.946686784 411.420023488 484.549410964|
|342|0.000493133654582|318.908126018 -112.584388293 15.9469625647|106.604781391 12.222171419 70.6633419997 12.222171419 129.982974347 -227.355006352 70.6633419997 -227.355006352 547.610859958|
|343|0.00348863084125|414.287403138 69.4741171525 152.815945845|217.860612604 -762.63171168 -480.47750785 -762.63171168 4957.78406343 1991.03794543 -480.47750785 1991.03794543 1401.49367709|
|344|0.00165972579113|344.28822364 -107.906084315 -96.129965961|333.55746108 -44.6049238416 635.778473297 -44.6049238416 66.7706822449 -182.508268989 635.778473297 -182.508268989 1765.74207333|
|345|0.00214803378093|277.787559846 -243.675791643 -155.086507927|256.720504836 -392.559812943 -387.112540811 -392.559812943 755.175996279 675.957148324 -387.112540811 675.957148324 2934.856543|
|346|1.2627856929e-07|324.248217686 -17.3229504451 43.5314561829|1204.75987882 84.1597643963 -149.540757685 84.1597643963 309.339446042 57.2025722505 -149.540757685 57.2025722505 200.390030842|
|347|0.00373533166611|396.502158554 25.0799323836 200.142924839|181.162457415 111.895371217 -201.941445763 111.895371217 357.660453551 -58.8157501849 -201.941445763 -58.8157501849 696.832964404|
|348|0.000153763180221|381.438417246 185.030804854 32.1296265539|279.215913512 -549.036711623 177.34945111 -549.036711623 2001.30041412 -147.60478432 177.34945111 -147.60478432 600.756234009|
|349|0.00844071035244|284.029965514 264.886162574 177.579767898|536.683528012 538.259262522 -85.6926840339 538.259262522 692.992304957 77.6415289553 -85.6926840339 77.6415289553 1756.87919144|
|350|0.00419063063068|249.801029719 100.691406377 -82.241674821|145.05422162 40.8750069035 205.98715781 40.8750069035 146.347670186 -8.12480250821 205.98715781 -8.12480250821 1139.59587743|
|351|1.77159591634e-05|191.181259548 36.1015063424 84.4916191292|316.974837734 62.0820368153 -483.615853022 62.0820368153 14.2933360832 -92.3441399798 -483.615853022 -92.3441399798 1428.74955275|
|352|0.00103868430239|355.653525683 233.600110519 80.2755746156|306.169860141 -241.583245628 2.42722457877 -241.583245628 498.539106049 19.0177838243 2.42722457877 19.0177838243 400.450895048|
|353|0.000397059385759|326.121606413 -15.6441620361 68.3623477728|61.8994248735 173.233122371 -116.587530456 173.233122371 1764.21326939 -868.530548616 -116.587530456 -868.530548616 572.078262417|
|354|0.000981311578278|257.693344833 -96.6053939655 7.4059096987|146.363086053 390.657598845 306.708197214 390.657598845 1975.48083813 1457.52957295 306.708197214 1457.52957295 1281.14408423|
|355|8.46228099169e-07|254.055683009 186.785097041 21.1910240901|569.27263612 737.584167575 -329.389489009 737.584167575 1651.34974892 -216.373261373 -329.389489009 -216.373261373 513.909656399|
|356|0.000295469328355|347.515174596 -13.2940808834 -33.0824346806|901.102193782 -453.42410853 175.024609785 -453.42410853 308.748628177 -47.9386692027 175.024609785 -47.9386692027 174.968523522|
|357|0.00463773027236|348.428720223 -249.545352632 6.5801905827|326.896194371 282.518844313 -122.648566653 282.518844313 417.906080722 117.700088514 -122.648566653 117.700088514 2275.53212998|
|358|0.00277533896295|419.186791778 98.7929897736 17.3285384025|448.128075531 -1171.27020521 50.1520816029 -1171.27020521 3792.80549053 110.960507708 50.1520816029 110.960507708 711.911219241|
|359|0.00943078305375|334.446362733 267.896993552 -91.581279422|144.686620559 -57.5558323267 -80.1566080052 -57.5558323267 589.148997099 -546.723368525 -80.1566080052 -546.723368525 2481.37637068|
|360|0.00582173025433|309.086287178 -254.305481553 -193.743721438|183.301200908 -124.938037453 -78.7474153372 -124.938037453 502.663593646 68.0943362087 -78.7474153372 68.0943362087 1265.03328526|
|361|0.00461255336249|287.110506642 -51.3164875922 -105.640573367|308.576208698 -266.055101395 -311.355083758 -266.055101395 380.302234947 71.9454849176 -311.355083758 71.9454849176 1352.87803535|
|362|0.000238733923473|367.111279697 -29.1149538952 3.9220225899|778.74570288 -370.976487109 571.422470341 -370.976487109 265.327054526 -353.979158821 571.422470341 -353.979158821 940.885405164|
|363|0.00032158594474|304.827889869 6.19905441133 -4.0029284476|158.18034298 -172.708675271 181.01929114 -172.708675271 524.43759023 -765.941534674 181.01929114 -765.941534674 1986.23773174|
|364|0.00216550623463|269.754385898 33.989952431 44.8339351696|80.6943567923 -21.4391970094 138.72422744 -21.4391970094 370.475139517 -436.608734447 138.72422744 -436.608734447 1078.35894548|
|365|0.00304668681368|277.667330057 -191.504613038 -183.530188453|518.771076511 -518.504563017 -467.263960081 -518.504563017 623.212657889 506.146997732 -467.263960081 506.146997732 865.215633544|
|366|0.00626546232249|480.462167718 -146.061379198 32.6408431627|90.1286654533 256.404441768 0.718324530995 256.404441768 1838.39481737 497.999885981 0.718324530995 497.999885981 841.215806321|
|367|0.00766741522676|226.296290147 -186.422422746 -122.157943498|537.943741003 -143.724325119 -435.023223331 -143.724325119 232.077416853 267.378361967 -435.023223331 267.378361967 1626.97167846|
|368|0.00102622181192|360.236844191 -27.7518423497 -10.6845706387|212.694973282 -64.2918691405 147.709628347 -64.2918691405 76.7198453449 -75.192278567 147.709628347 -75.192278567 791.13552998|
|369|0.00291174040964|330.492781699 -43.95113883 -24.1395202374|101.684216614 81.5711672397 91.2044132067 81.5711672397 243.380500407 118.442008324 91.2044132067 118.442008324 1143.95586222|
|370|0.000330982087836|256.955526249 31.6110342571 -64.3161160607|284.304578603 2.689141839 -235.467509101 2.689141839 755.841353894 55.7410875816 -235.467509101 55.7410875816 332.221162488|
|371|1.95641918627e-05|312.187760215 -25.9833441257 56.383977639|402.39952776 48.395348066 -115.770143776 48.395348066 378.389521808 -351.33056267 -115.770143776 -351.33056267 953.801548531|
|372|0.00722260492911|320.351599311 -301.681038925 138.194777186|145.199407598 -58.1831423241 -49.8373184907 -58.1831423241 180.306532786 15.2960657504 -49.8373184907 15.2960657504 3911.03921531|
|373|0.00438584495206|334.565722874 -277.365558543 -140.009379207|216.60049987 12.010247577 506.286104394 12.010247577 427.777394231 333.049486437 506.286104394 333.049486437 2255.69211774|
|374|4.61953718825e-05|265.745295368 -38.7618334523 -19.3956267597|49.9169082876 202.892993979 -164.685643617 202.892993979 4647.21343318 -844.196210343 -164.685643617 -844.196210343 1462.178431|
|375|0.00306617115727|335.041022399 -172.013869516 81.7746029038|289.749975238 -281.874745606 -357.189020873 -281.874745606 408.591208688 257.43056044 -357.189020873 257.43056044 1018.82887878|
|376|0.00122484605877|407.750711207 76.5714337204 6.1893215161|177.360830389 -418.426550679 20.9019363312 -418.426550679 1489.82008445 -256.910232689 20.9019363312 -256.910232689 1532.5361269|
|377|0.000717113063002|291.001636579 237.412096746 43.1845742804|851.789501356 552.58581392 60.9117065864 552.58581392 431.2387303 -16.8939896023 60.9117065864 -16.8939896023 1266.19320368|
|378|0.00854314840786|413.869652044 -73.8449966797 -97.627405349|112.000906188 122.953594391 58.061383774 122.953594391 1055.0273135 -485.707812403 58.061383774 -485.707812403 2070.69727038|
|379|0.00380366587774|241.762470525 -102.090833902 -84.060929744|164.521773071 39.832135851 -26.3546081774 39.832135851 100.263691809 -109.401272966 -26.3546081774 -109.401272966 1062.54897408|
|380|0.00867837264266|414.446946224 -96.5323770963 -1.2193012215|946.716512008 2157.08358687 226.030439331 2157.08358687 5329.59014748 691.674821114 226.030439331 691.674821114 1347.1744673|
|381|0.000120049856711|440.466939374 -273.904092011 205.689133137|21.6852124992 4.17581883797 -52.9261975725 4.17581883797 28.0650305427 -51.027571776 -52.9261975725 -51.027571776 313.792159955|
|382|0.000938801277528|319.088343985 40.3630642131 -28.6010432579|127.60240638 74.2065615107 170.43040696 74.2065615107 176.501439824 70.2137014363 170.43040696 70.2137014363 491.89645794|
|383|0.000824199718229|425.289874289 5.20273880413 58.7033485121|52.4622101698 -2.31519121143 -65.0973511049 -2.31519121143 2724.37664122 -13.5478245961 -65.0973511049 -13.5478245961 873.772334477|
|384|0.00141403405183|272.065534065 36.0353653035 -69.8835380616|536.694998904 250.986442116 -338.278596023 250.986442116 242.036651816 -106.347418151 -338.278596023 -106.347418151 588.889754511|
|385|0.00137308673908|260.808484778 110.511807055 0.8834083016|87.4066857478 -276.153225933 -203.985274725 -276.153225933 1907.32245869 1397.31910647 -203.985274725 1397.31910647 1315.25579622|
|386|0.00443619236728|334.387872912 -98.4241940173 -83.749954872|230.341661209 -388.319443583 705.562428379 -388.319443583 1828.90442823 -2863.33922209 705.562428379 -2863.33922209 4873.75372473|
|387|0.00740370959492|391.52289909 -170.863956514 61.3461455425|545.983745899 929.367482022 75.698757206 929.367482022 1986.54936818 97.3560845882 75.698757206 97.3560845882 573.307546704|
|388|0.000141532373492|310.211939645 22.9190362224 -48.8944085914|448.58674407 -240.622618537 192.138709643 -240.622618537 423.932050754 -277.680824835 192.138709643 -277.680824835 362.044451266|
|389|0.000109756824938|387.455538148 137.885149031 -4.0180669089|252.094304937 -776.372292646 -58.3412074876 -776.372292646 2877.57473824 -21.8895363759 -58.3412074876 -21.8895363759 490.95313028|
|390|0.00152200577767|298.71884831 235.101352099 -45.6761832264|643.35261659 125.207430339 1063.46422132 125.207430339 133.783433189 437.160313872 1063.46422132 437.160313872 2524.77566021|
|391|0.00282572631504|236.672773559 158.341620842 81.911676701|162.29726681 74.6995409253 -43.8393720115 74.6995409253 209.844598865 298.015224656 -43.8393720115 298.015224656 1669.46672734|
|392|0.000143407188459|412.861714319 -75.8834698825 13.8518474805|233.70025479 140.764402167 215.484770619 140.764402167 971.231013099 -1.60398427631 215.484770619 -1.60398427631 694.384725428|
|393|0.000954483509531|283.167365556 24.3650294014 -4.9667390598|365.710344261 -238.171348809 -7.85496203184 -238.171348809 234.868337112 -51.3890019909 -7.85496203184 -51.3890019909 596.356915556|
|394|0.00113345037794|354.944922952 -2.74003004633 -37.0327281613|728.042404217 -823.335177875 -43.5737730787 -823.335177875 1407.60184355 426.630235002 -43.5737730787 426.630235002 481.252240862|
|395|1.20808818165e-05|325.965572365 -13.1805035108 23.0434247138|624.099194337 -33.8364421319 -174.204598388 -33.8364421319 466.909618225 -641.748768721 -174.204598388 -641.748768721 1847.08885273|
|396|7.62746361447e-06|421.320825732 12.3866047412 15.8593218342|260.75048071 -150.40873613 62.1533768737 -150.40873613 1859.71742307 434.128554476 62.1533768737 434.128554476 365.144652279|
|397|0.00470124551761|424.229488286 80.3036623596 -40.1133568455|786.14763711 -1863.11311018 254.842087566 -1863.11311018 4833.52624085 -419.427042915 254.842087566 -419.427042915 819.196776046|
|398|0.00424706464627|313.181428853 -286.173571876 -57.2651943359|90.9642386643 57.6551373844 -193.200753533 57.6551373844 124.03794914 -85.6452338471 -193.200753533 -85.6452338471 5763.75048721|
|399|0.00224958830922|189.402105816 178.863282633 -73.0770237098|455.114326196 402.090107551 -1078.51957904 402.090107551 417.204790748 -1079.43691493 -1078.51957904 -1079.43691493 3509.51932577|
