#|num|weight|mean|covariance matrix|
|0|0.0002700051778|288.035379147 -18.3316563935 26.347285783|331.234523586 306.734066265 -70.7822120879 306.734066265 424.965921361 -154.941440193 -70.7822120879 -154.941440193 730.485977294|
|1|0.0106434042357|405.354406436 277.108840074 6.9298414349|658.786677678 -528.925649882 -5.4305621368 -528.925649882 535.140974729 65.5009005544 -5.4305621368 65.5009005544 1406.4597759|
|2|0.00211712141524|332.96022451 39.7351839647 -54.4804424495|485.240910874 -148.880498763 385.584673986 -148.880498763 147.22350468 -122.917560057 385.584673986 -122.917560057 672.560669712|
|3|3.10647206653e-05|365.740542734 -20.543018991 8.7169410878|1708.61231291 -939.075448694 937.645879507 -939.075448694 774.491974519 -777.747235256 937.645879507 -777.747235256 1306.349325|
|4|0.00769167516951|405.019459026 -155.188211343 1.0355732827|399.389389171 760.22659532 346.402274886 760.22659532 1797.74573524 255.08354222 346.402274886 255.08354222 1741.1834117|
|5|0.000140492584175|398.22967293 116.920660959 36.5171515017|167.755359901 -336.091022884 7.66128812119 -336.091022884 2241.48857828 335.503950756 7.66128812119 335.503950756 617.445742833|
|6|0.000355123269204|280.782123791 55.0706176534 -44.3063841762|122.333837692 -55.9091766265 -52.2682664639 -55.9091766265 827.308674229 429.440872832 -52.2682664639 429.440872832 422.112911926|
|7|0.00364225728283|172.059558184 -148.37805871 -9.8208694762|223.514274246 -6.58719367777 -201.131469676 -6.58719367777 80.4991753639 75.2019669917 -201.131469676 75.2019669917 960.896115785|
|8|0.000146212563321|409.46091357 -107.120290923 43.2342047286|219.895104056 56.2407319009 181.893897999 56.2407319009 1358.75189057 -266.337470843 181.893897999 -266.337470843 713.642738089|
|9|3.01758103485e-06|309.229793987 42.8966156913 74.8862934766|743.213621792 1197.7246539 -311.220438546 1197.7246539 3482.03018443 -481.756059654 -311.220438546 -481.756059654 363.271377415|
|10|0.0051964957513|472.441901231 -72.5724174106 214.484676751|1072.69697375 -615.16617786 -1073.16149289 -615.16617786 557.354451569 565.449454087 -1073.16149289 565.449454087 1316.72323413|
|11|1.85138567357e-07|269.9112161 -41.1447473657 62.0698234402|306.926512469 169.247409694 138.462782392 169.247409694 993.889616198 328.021613188 138.462782392 328.021613188 556.471125921|
|12|0.000413517432547|372.943176785 201.122962951 20.1212326056|246.503171867 250.872025616 409.785132162 250.872025616 774.246589712 482.471947694 409.785132162 482.471947694 888.192995544|
|13|2.08839696495e-05|343.67544486 0.580714481375 -15.3656622172|1671.82494718 -1019.53852894 987.088325777 -1019.53852894 987.263492983 -792.972867196 987.088325777 -792.972867196 1207.09683134|
|14|0.000511535515629|259.410256803 172.804029752 51.2103807397|91.2820720887 249.090123374 99.7968104796 249.090123374 1046.31910913 511.526535369 99.7968104796 511.526535369 419.126691525|
|15|0.00322293053989|400.288542103 -56.554050478 -21.1007995243|201.556389806 400.850092922 -75.3890445009 400.850092922 979.104975872 -167.867621167 -75.3890445009 -167.867621167 1174.87819425|
|16|0.00129116465657|320.936730144 108.179883782 -89.412544472|80.9927394789 32.2794400057 126.861343762 32.2794400057 107.720055214 98.3043388477 126.861343762 98.3043388477 541.833597614|
|17|0.000917381748572|402.810458303 81.6240797013 90.9290691775|81.4134415084 -510.122471107 33.8493026699 -510.122471107 3560.23275607 -244.495044526 33.8493026699 -244.495044526 243.280714241|
|18|0.00521493975159|308.817318632 -258.151582141 -199.598502192|196.333276559 -66.8113511997 9.70020618273 -66.8113511997 325.543218177 -94.4227397732 9.70020618273 -94.4227397732 1295.31195528|
|19|0.00213274409806|262.924760942 -83.3496921256 -1.695972084|106.518382434 137.519588945 -140.393274113 137.519588945 669.059242806 177.831115519 -140.393274113 177.831115519 1336.93718046|
|20|6.19180001002e-05|319.757064666 -24.4634249773 51.3223778535|454.051416832 -16.9047820407 -125.210841216 -16.9047820407 236.839151798 -81.8794622215 -125.210841216 -81.8794622215 463.306916868|
|21|0.000208835694588|373.701117706 219.318328454 21.0010043764|279.763252185 -330.86880412 153.810185038 -330.86880412 815.865114742 -5.42211245079 153.810185038 -5.42211245079 952.341447887|
|22|0.000602480762581|286.550883334 22.3974479072 -21.039659655|318.418828018 -225.678584164 -80.7361880426 -225.678584164 264.369187201 1.51411072438 -80.7361880426 1.51411072438 825.308471476|
|23|0.000394639881608|291.732707995 -43.7959007543 23.7157249985|162.679522233 340.76400184 52.446258781 340.76400184 1194.18245498 -200.140555174 52.446258781 -200.140555174 389.103057028|
|24|0.00564636822437|268.880337514 -215.754016983 83.3604619966|125.967236167 -52.3960349939 -149.286332206 -52.3960349939 641.354013381 636.706767045 -149.286332206 636.706767045 1314.14527057|
|25|0.000882638949578|353.581731157 16.4550549776 -18.7869178694|613.883880445 -683.145740067 -67.4019397774 -683.145740067 1000.46678807 163.146596131 -67.4019397774 163.146596131 217.474544416|
|26|5.63190512704e-05|309.951827263 -28.2192353736 54.3012757379|435.630973037 72.1198660214 -109.777107296 72.1198660214 352.333649157 -341.086495683 -109.777107296 -341.086495683 900.757184896|
|27|0.00140429961369|322.222371427 -129.630544995 -48.926160044|144.074334778 6.14201061093 317.754087936 6.14201061093 317.432713384 -44.0368407804 317.754087936 -44.0368407804 1032.77640136|
|28|0.00140531582498|444.242792861 -20.4571812218 43.2956590417|224.138330894 -599.81599699 -8.83235579837 -599.81599699 3573.61974029 -1357.98168208 -8.83235579837 -1357.98168208 1148.40762278|
|29|0.00539159858155|339.691917184 -21.8244706435 186.045804625|1426.28295929 60.6169074021 440.17451966 60.6169074021 89.580794848 -57.3051451057 440.17451966 -57.3051451057 1024.02553475|
|30|0.0061865333839|271.739065352 92.5384788738 7.9845847404|143.654266695 -331.689312992 -202.049351942 -331.689312992 1320.4610938 604.927363038 -202.049351942 604.927363038 1198.62626548|
|31|0.00183680690287|399.093908551 -85.9969542158 -38.1790094387|138.182519416 68.0401028107 -162.565946261 68.0401028107 333.789856822 -214.046701177 -162.565946261 -214.046701177 974.958528874|
|32|0.00553870762463|303.802178034 20.9125651191 -219.999074611|269.665450403 -160.547569765 37.5791403917 -160.547569765 357.174417556 -5.77282489099 37.5791403917 -5.77282489099 725.158634241|
|33|0.00155893260704|255.402166999 -19.369452165 74.7334387339|235.183393321 134.936354534 197.366105331 134.936354534 874.63356669 -97.4627146673 197.366105331 -97.4627146673 402.861128398|
|34|0.000971392147621|426.368589079 31.1045276889 61.8015290069|111.115798267 -331.487121984 -54.5373293526 -331.487121984 3037.29236955 -387.236898747 -54.5373293526 -387.236898747 772.341231056|
|35|0.00200283326947|309.75075992 -139.566516906 9.2138097071|136.680689558 59.4697284174 -222.636942478 59.4697284174 323.928171474 -398.010559481 -222.636942478 -398.010559481 1262.35669963|
|36|6.65589310522e-06|264.106794777 -83.9866117978 6.301017764|295.967768268 568.406047472 319.108852285 568.406047472 1491.1070303 775.251108869 319.108852285 775.251108869 1030.66492242|
|37|0.00164096053632|329.838139067 -144.804850357 41.5066253629|336.59296823 89.7730265214 -361.249668767 89.7730265214 314.675927408 -321.064180018 -361.249668767 -321.064180018 907.093713985|
|38|0.000224105395787|408.971008684 90.5048008972 85.5038450808|103.50185135 -422.011834854 43.9970404671 -422.011834854 3089.68572045 -400.520066709 43.9970404671 -400.520066709 769.00472641|
|39|6.02281422834e-05|309.954000972 0.971145160594 2.9967693477|191.623482326 23.7713726023 63.3949711885 23.7713726023 667.989278744 -1068.50750277 63.3949711885 -1068.50750277 2580.82673542|
|40|0.000526085342402|365.640702941 221.46690185 39.8126450461|409.002501786 -399.06498207 -19.3098295704 -399.06498207 900.046174737 126.165891057 -19.3098295704 126.165891057 878.731966092|
|41|0.0105355183982|322.975489299 307.172338484 -29.3723251198|156.146749843 105.493769897 69.8742881015 105.493769897 189.653920279 41.5831590746 69.8742881015 41.5831590746 8134.12140992|
|42|0.00489414096104|244.343895401 -190.075895462 -231.457080824|340.758374971 -24.5854929159 53.0176950981 -24.5854929159 305.75238774 -17.5954155859 53.0176950981 -17.5954155859 601.458022041|
|43|0.0062257330809|225.094767875 167.939167466 -87.270810658|528.796270111 -83.5616599718 -248.330880093 -83.5616599718 116.406162992 -186.54806225 -248.330880093 -186.54806225 1652.58620013|
|44|0.00242666346599|274.938952978 -79.1876294937 -22.1082785286|64.1396587132 170.640082672 126.275096967 170.640082672 922.139233577 337.50271062 126.275096967 337.50271062 921.301243432|
|45|0.00365875937767|408.70184978 52.8823552883 -16.3797105812|247.456350371 -457.898206708 -178.751436056 -457.898206708 1100.4864882 -82.6452815912 -178.751436056 -82.6452815912 2049.30527633|
|46|0.000333856758745|387.684710169 117.831379466 16.8172270968|101.079676119 -214.850256833 -33.4125340945 -214.850256833 1221.93331098 -108.776827489 -33.4125340945 -108.776827489 474.486903966|
|47|1.84587088758e-05|313.665085138 0.0385945380189 20.3914950484|268.27843792 167.072054682 75.4968268934 167.072054682 599.026976041 -524.847814421 75.4968268934 -524.847814421 1285.05609626|
|48|0.00396965411754|395.959199913 -138.512992163 50.4991978106|376.905674468 765.449777397 304.986515334 765.449777397 2483.60434216 385.420057349 304.986515334 385.420057349 683.434020638|
|49|0.000615583057121|453.386822291 -124.147589346 100.46033131|272.624618212 190.250922329 -680.949844571 190.250922329 2154.54833247 -1978.25538684 -680.949844571 -1978.25538684 2915.1986569|
|50|0.000137163078914|322.312102604 17.6568241507 -34.357382361|521.025791443 -80.2949078545 309.838825989 -80.2949078545 268.106432384 22.8500981202 309.838825989 22.8500981202 351.890417793|
|51|0.00358412666783|256.095678213 166.147641641 147.892424265|633.238889263 352.758488463 1079.35194714 352.758488463 249.215250206 672.494121466 1079.35194714 672.494121466 2813.09531754|
|52|0.00712427158657|429.067666069 -39.648370528 -164.401603141|510.825794405 579.576538103 238.172842663 579.576538103 1001.00569919 57.7174287843 238.172842663 57.7174287843 791.507239438|
|53|0.00142325791815|298.103070958 250.876782363 -26.745425505|422.221295985 288.011477283 607.649174261 288.011477283 350.511664935 600.651446226 607.649174261 600.651446226 1294.81257603|
|54|0.00090647188157|280.821793999 26.1883671123 -19.6328973545|306.651899349 -195.120583291 -98.3503820012 -195.120583291 205.363228185 40.7559374919 -98.3503820012 40.7559374919 756.892146249|
|55|2.68262780616e-05|320.931881787 -13.1737593712 46.5132598567|602.963476034 364.781458195 -33.6242583784 364.781458195 644.335793315 79.7844583708 -33.6242583784 79.7844583708 231.429837464|
|56|0.000883646935049|406.525867747 117.802876402 -18.7046042697|366.870387697 -860.218282412 -438.92606928 -860.218282412 3004.76885383 1696.3852425 -438.92606928 1696.3852425 1780.95652979|
|57|0.00347115387138|283.000613625 -164.008113599 92.6630192895|460.944599761 -39.7202151515 157.862159332 -39.7202151515 216.633167491 19.8548537425 157.862159332 19.8548537425 377.973225911|
|58|0.00537418916506|306.387745815 -111.82385596 113.382358183|156.097084549 217.704173962 -98.8945401371 217.704173962 1080.282442 -117.40239311 -98.8945401371 -117.40239311 353.095776522|
|59|0.00018734873866|305.52537807 6.73340143815 -12.6343871753|134.781351098 -94.2682824101 212.85739571 -94.2682824101 498.126509757 -935.692021037 212.85739571 -935.692021037 2739.84457166|
|60|0.000102099690711|408.034702478 -54.1757960516 29.6089043623|385.916820133 -429.39410687 463.122676528 -429.39410687 807.895937822 -624.359246701 463.122676528 -624.359246701 1048.05788157|
|61|0.0039642259983|430.615105399 166.041631223 130.845580045|307.760846029 402.047686583 109.933756605 402.047686583 672.010741898 62.7257014838 109.933756605 62.7257014838 831.613862201|
|62|0.000515498512324|418.554622109 8.15628676593 75.27236778|47.3847243866 -221.319529686 -78.2061554512 -221.319529686 2670.51997156 69.0565866133 -78.2061554512 69.0565866133 797.424998031|
|63|3.52330658402e-05|411.36768299 2.17550436606 3.1888142347|222.781305511 24.5061064965 29.4402498215 24.5061064965 3307.4459748 398.334721657 29.4402498215 398.334721657 235.406866877|
|64|0.000115005526524|406.565416579 -50.6209974875 4.1711885575|265.958822561 -73.5900876626 319.801319266 -73.5900876626 466.760333667 -17.2288000688 319.801319266 -17.2288000688 651.626654484|
|65|4.10542887523e-05|400.972106961 97.0355560136 30.1980153896|161.896565712 -219.746812401 -35.7373349546 -219.746812401 3847.98142516 962.841458367 -35.7373349546 962.841458367 533.711984105|
|66|0.000648701630198|356.047118558 19.9562914914 66.111006364|506.439807511 -858.99757648 -129.559254827 -858.99757648 1794.40187149 195.080629455 -129.559254827 195.080629455 442.263538009|
|67|0.00685763474809|388.567712756 201.67064994 231.156940186|415.71533663 228.526694524 -392.442655985 228.526694524 354.882125664 -225.336504562 -392.442655985 -225.336504562 909.756565431|
|68|0.00332325647592|282.220354596 45.1532944884 115.346353871|356.803939494 499.983041546 215.459058107 499.983041546 926.206550647 241.397278041 215.459058107 241.397278041 412.140712809|
|69|0.00485668179512|344.309127052 138.255850308 36.8435699675|954.891910346 -686.096186592 1235.02503064 -686.096186592 631.126881925 -1159.83174386 1235.02503064 -1159.83174386 2647.25185409|
|70|0.00131076292216|301.095308396 243.354001703 60.6140893854|643.340817126 510.454812263 -309.6084054 510.454812263 584.369912597 -682.340473177 -309.6084054 -682.340473177 2224.71690445|
|71|6.5842174429e-05|325.105788361 60.0140070732 1.4343034248|65.2264210541 95.4380089382 108.330338222 95.4380089382 554.644705731 375.802948894 108.330338222 375.802948894 498.461373109|
|72|0.000172316379084|316.028470487 -26.678156512 50.7534169325|579.216020709 70.975876701 -131.842053006 70.975876701 266.426646711 -43.5355473022 -131.842053006 -43.5355473022 341.062128124|
|73|0.00101731771533|313.474140278 245.080904393 2.8526056769|644.82004952 122.341265859 543.982061749 122.341265859 113.647881302 322.049290636 543.982061749 322.049290636 1502.27726168|
|74|0.00444067451011|405.745077687 -111.405737819 -135.26482536|120.733953958 -79.6095603824 141.658401844 -79.6095603824 369.365465206 -29.2998226995 141.658401844 -29.2998226995 818.791564704|
|75|8.84403255771e-06|500.693975103 116.981009238 285.855905857|2.20326166501 1.63028993861 0.598208695424 1.63028993861 9.89890867173 0.169916584869 0.598208695424 0.169916584869 2.26118956397|
|76|0.00101430191438|402.954457931 100.977377824 55.2102751936|162.516947964 -431.930084374 220.900440667 -431.930084374 2094.96118094 -448.693540136 220.900440667 -448.693540136 1401.17177179|
|77|7.79442205427e-05|289.002474415 -16.1950053237 12.3804882994|350.986489221 361.462560704 -268.179256592 361.462560704 533.807608257 -432.373360505 -268.179256592 -432.373360505 1038.93285625|
|78|2.98512411911e-05|315.429073668 -12.2900003606 29.4619750574|401.177061642 117.993243314 -178.191698794 117.993243314 650.448406051 -843.937493527 -178.191698794 -843.937493527 1862.03294912|
|79|0.00103893946116|282.12123001 43.858092253 71.0972280895|84.5056839169 -321.339686007 173.473909993 -321.339686007 2280.46741566 -773.719177359 173.473909993 -773.719177359 498.885018574|
|80|0.000322098068898|277.381375375 -34.6776829732 73.010683383|257.313580254 102.711481367 16.4445597931 102.711481367 536.566823916 214.463522559 16.4445597931 214.463522559 608.791528716|
|81|0.00664998718209|445.656360492 40.2825581337 -118.96610208|276.275027785 -80.1083504138 119.009059662 -80.1083504138 859.231585985 596.499211834 119.009059662 596.499211834 919.401894058|
|82|0.000612484032547|434.828003049 -69.2365504673 44.0558638417|126.499138193 102.735809 -27.0214111244 102.735809 2305.88720902 -1026.78237811 -27.0214111244 -1026.78237811 566.315439778|
|83|0.000102683195349|404.340014576 -66.8292392373 25.4910399205|280.438714079 -355.757955824 427.632159392 -355.757955824 967.963953253 -514.71901123 427.632159392 -514.71901123 1158.09704023|
|84|0.00330981001767|421.208492215 256.764491468 178.071035244|121.887643452 24.1745957225 -134.464304512 24.1745957225 457.949036431 71.5404813119 -134.464304512 71.5404813119 503.256013341|
|85|0.000140971222604|362.710464976 179.619106764 1.378278523|283.635330323 222.932660501 399.602886889 222.932660501 679.933718707 313.679629737 399.602886889 313.679629737 769.231480099|
|86|0.000229670889271|398.363392685 -40.0685945983 -12.500449598|273.136691511 -153.191301709 320.783477007 -153.191301709 351.610190336 -92.8307082993 320.783477007 -92.8307082993 567.345076172|
|87|0.00414430883819|220.312278678 195.178795766 135.740875919|713.079693151 433.299200927 1217.09406662 433.299200927 359.47567062 757.058974232 1217.09406662 757.058974232 2696.59049536|
|88|5.15149747712e-06|340.667070685 2.78943561682 23.2027305067|1425.54043795 757.002451394 -494.505020538 757.002451394 895.304142585 -413.971500797 -494.505020538 -413.971500797 955.899705168|
|89|0.00080353430861|278.418749235 -227.818823802 -27.9832809099|1238.0005291 -1019.36337118 545.667932258 -1019.36337118 956.706410438 -536.283381277 545.667932258 -536.283381277 862.4301549|
|90|0.00153746867688|284.739312114 246.676013172 40.0769967659|897.686297573 740.71594566 -171.350806296 740.71594566 734.434462406 -139.224902086 -171.350806296 -139.224902086 1032.04038839|
|91|0.00612822888975|306.091906143 -270.732917752 219.505733356|454.957271678 -203.515731866 -243.424043967 -203.515731866 248.171591187 6.47534008345 -243.424043967 6.47534008345 895.19363758|
|92|5.12266263882e-05|312.97123941 -15.0418031575 44.617703495|408.719840567 297.656344194 96.3417487552 297.656344194 595.83985374 -49.9919412992 96.3417487552 -49.9919412992 321.071545558|
|93|0.00708461708382|265.343268097 256.158528426 -208.212357174|878.730699189 848.285189634 483.974049063 848.285189634 880.697110842 476.626661041 483.974049063 476.626661041 1489.5591278|
|94|0.00232753628595|394.523033435 -110.315347765 81.5272131688|98.8061091721 279.463429114 124.663521326 279.463429114 1672.21230694 341.160891887 124.663521326 341.160891887 401.596006368|
|95|0.0024808962718|322.831332785 87.4216914096 95.0698863224|503.359584354 256.883551434 189.721836994 256.883551434 316.037368613 168.802569431 189.721836994 168.802569431 346.057720515|
|96|5.38296563921e-05|406.615225942 87.6689009842 33.4344375704|267.967204523 -767.99890683 76.7027964382 -767.99890683 3918.53616907 78.5824289667 76.7027964382 78.5824289667 647.346026992|
|97|0.00246221853251|419.384672103 -61.084085575 -60.0597407635|184.798089302 -8.37274775383 727.413539652 -8.37274775383 1269.97172156 -723.248162045 727.413539652 -723.248162045 3613.66616077|
|98|2.41082394381e-06|321.616434662 20.7929072635 -26.4311256144|799.571100064 -166.389695 461.77051516 -166.389695 469.197317795 82.4833988457 461.77051516 82.4833988457 739.419406947|
|99|0.00209961158463|354.373548963 -112.856455955 -84.5378577|487.166123278 12.4578492377 600.332161168 12.4578492377 120.848352997 -202.989654432 600.332161168 -202.989654432 1351.12689741|
|100|0.00286422869137|271.305791392 40.8662838573 -151.804853466|144.577997437 48.0446533352 -162.827139069 48.0446533352 171.764769615 -73.9637386868 -162.827139069 -73.9637386868 638.121508441|
|101|0.00173860469243|451.011311793 -19.220903467 89.3331543427|173.817112059 -38.9495599927 -394.909465441 -38.9495599927 307.589585831 313.053144821 -394.909465441 313.053144821 1360.81499141|
|102|1.37193922976e-05|290.992402392 41.183204104 -30.997761365|544.538044438 -1198.09061223 -207.9368348 -1198.09061223 3104.76751756 258.953825103 -207.9368348 258.953825103 716.621974909|
|103|0.00162774125237|372.155175074 -121.646523509 -25.3547725743|624.293318657 303.199883015 -536.379921296 303.199883015 329.827969915 -489.827207894 -536.379921296 -489.827207894 955.025214658|
|104|0.00265678980066|333.368299218 -170.955581539 86.8056799873|287.468787635 -286.798481927 -242.384495404 -286.798481927 400.328358588 169.83138533 -242.384495404 169.83138533 743.018289698|
|105|0.000739263540581|323.461473832 -65.8394285096 -45.7394391581|93.723579694 265.013412648 115.921997449 265.013412648 1494.89949898 348.382425994 115.921997449 348.382425994 603.621403232|
|106|0.000136738311791|287.763791157 -30.0821697984 78.5685991288|360.929198181 64.1212080511 -141.549554429 64.1212080511 401.603402014 59.570482324 -141.549554429 59.570482324 486.192702083|
|107|0.000668727636533|394.25419215 100.828271521 52.2856417223|89.8181710999 -148.946274526 124.98397369 -148.946274526 901.440319638 -256.889731517 124.98397369 -256.889731517 579.022486616|
|108|0.00266902233364|215.71544976 -209.135818827 39.2584173813|135.876880472 -116.377960876 -290.786475006 -116.377960876 134.73061597 272.619956249 -290.786475006 272.619956249 2866.37156024|
|109|0.00421954813124|285.519086932 174.469041876 -87.830431328|650.352217062 -50.5802750639 199.97297528 -50.5802750639 83.3148149949 -44.1878646215 199.97297528 -44.1878646215 1011.68586799|
|110|3.41725250824e-05|306.035869914 -251.704767211 7.2153303954|541.546709387 -318.361917913 -347.426252523 -318.361917913 273.014233706 273.148042092 -347.426252523 273.148042092 500.605273123|
|111|0.00429799056254|208.955206606 98.2650376159 -7.4745437574|157.989288976 -196.720880168 243.482186746 -196.720880168 468.501035785 -385.907609162 243.482186746 -385.907609162 1022.49060719|
|112|0.000241678876818|332.365013667 4.85637686353 50.9428740474|45.926748676 65.8688182147 -27.5950232337 65.8688182147 876.888078212 -49.5479973957 -27.5950232337 -49.5479973957 137.4604866|
|113|0.000205649061125|377.302872422 200.679179501 30.3978117209|266.323696004 -451.807002713 299.675945445 -451.807002713 1696.62653242 -341.565915556 299.675945445 -341.565915556 891.473172744|
|114|0.00625128240345|267.515367632 -232.270791359 -173.768889533|615.239098249 -353.761872804 419.986308993 -353.761872804 381.706781763 -297.550005822 419.986308993 -297.550005822 1342.30303266|
|115|0.000735092511142|398.972053127 -114.920823481 45.0427934595|133.416126972 -268.470258531 241.717695408 -268.470258531 1477.19951683 -794.011307842 241.717695408 -794.011307842 1039.60865282|
|116|0.000312022958288|296.28059499 -9.7410656533 13.5826595996|242.380294085 211.631346801 77.2452608333 211.631346801 356.654877533 -77.4995407442 77.2452608333 -77.4995407442 670.434533329|
|117|0.00570713064313|404.1949018 -129.161325663 242.922791814|622.360250583 -11.6725410784 -262.024845291 -11.6725410784 174.081699143 90.4756609575 -262.024845291 90.4756609575 510.233879674|
|118|0.00505617907177|319.285598591 -301.465899994 -80.438135398|174.095116805 -131.782387403 408.546536319 -131.782387403 248.976519052 -573.680637958 408.546536319 -573.680637958 3680.27236405|
|119|3.59823743967e-05|268.84044385 73.109738943 -30.6721714843|173.394574085 -257.340901316 171.868895844 -257.340901316 2877.8907116 -1244.69400845 171.868895844 -1244.69400845 939.265513265|
|120|0.0022704455851|361.090389669 198.283222126 75.1689672775|248.826510727 -205.501109735 17.1450122795 -205.501109735 293.501639974 103.094632408 17.1450122795 103.094632408 462.483750798|
|121|0.000634869164542|399.309328711 118.489640187 24.7246599092|189.617965775 -383.52505087 31.2609480024 -383.52505087 2054.00531258 87.7655657233 31.2609480024 87.7655657233 757.927788699|
|122|0.00258388854859|427.83278018 55.8101498636 -46.2321780379|301.421274256 -372.050553629 -26.7011573401 -372.050553629 1091.41407091 -142.780275522 -26.7011573401 -142.780275522 688.509284486|
|123|0.00230370350401|313.116343754 -238.625700074 -15.0200922014|568.794081733 -149.817826607 -320.863321441 -149.817826607 110.027861955 47.0756884572 -320.863321441 47.0756884572 674.823186208|
|124|0.00190561433007|459.019101075 66.0175218173 -59.3764282952|107.084766559 76.6852146825 -95.465537944 76.6852146825 462.382855135 -401.879076239 -95.465537944 -401.879076239 609.498500436|
|125|0.00264842831622|218.236814045 -163.82386362 -161.751200037|118.897875638 -52.8908753397 -341.073676389 -52.8908753397 232.884873829 587.274697674 -341.073676389 587.274697674 2908.22016422|
|126|0.00507690575018|338.09628374 235.905005432 -172.042979376|365.352773421 -202.558476834 511.589571235 -202.558476834 332.401166204 -287.238731836 511.589571235 -287.238731836 1272.66637967|
|127|0.00163571898955|414.047185544 95.9446151711 10.6881979702|538.69462062 -1308.03462885 81.7543156957 -1308.03462885 3865.56920381 -79.7899620326 81.7543156957 -79.7899620326 957.655722029|
|128|1.2640118647e-05|329.221160554 9.75633188983 -15.1563803002|838.07033689 -306.620208931 477.944081298 -306.620208931 637.424716691 -579.109818739 477.944081298 -579.109818739 1405.4351441|
|129|7.02793489854e-07|409.555167665 -25.1246566239 12.4446483034|1963.92171247 -652.739524205 1196.07080553 -652.739524205 1190.92540103 -484.3559729 1196.07080553 -484.3559729 1095.61590189|
|130|0.000375870092391|323.07750138 -158.486366906 32.4515568115|211.041214311 3.7999187549 -143.551909903 3.7999187549 121.74194073 -281.629486215 -143.551909903 -281.629486215 1116.41715561|
|131|0.000274089647662|328.334082617 35.5587716774 -24.0964578718|1267.50170061 -1259.38661848 266.353991062 -1259.38661848 1559.27279804 -123.058792316 266.353991062 -123.058792316 255.075913277|
|132|0.000717229245637|366.546753429 203.226492009 24.9962366111|416.28626828 398.428389825 1119.27510604 398.428389825 457.072070659 977.360550817 1119.27510604 977.360550817 3904.19164273|
|133|0.0040071783336|222.618001021 7.48161617172 6.5771529198|58.7440260639 -4.89280541483 -13.6571749321 -4.89280541483 834.913486042 424.903582002 -13.6571749321 424.903582002 795.351962957|
|134|0.00186082345037|395.23268098 46.8655107443 200.049103815|195.57310761 480.453330586 -451.780856163 480.453330586 1479.30595516 -1205.9612602 -451.780856163 -1205.9612602 1389.59088125|
|135|0.00183979319599|407.828808755 62.9651045635 35.8140082512|240.439578449 -437.578059375 51.2644656198 -437.578059375 1201.11279663 -222.82014633 51.2644656198 -222.82014633 1041.61198368|
|136|0.00574577319196|419.178936508 -26.4318893708 162.213840296|477.361169961 240.319518547 -116.022988174 240.319518547 253.832858421 161.041486991 -116.022988174 161.041486991 2254.85579228|
|137|0.00621943794608|317.763781197 301.133712123 173.422012396|245.440004721 179.311093496 -202.026119603 179.311093496 247.173180571 -198.363113264 -202.026119603 -198.363113264 2337.8844505|
|138|0.00253360741794|347.102511801 281.801461589 77.704939318|204.01327863 -12.9442946852 -210.328362896 -12.9442946852 388.125749614 -330.005187391 -210.328362896 -330.005187391 740.288319175|
|139|4.00422097595e-06|402.718995792 97.4471687038 38.5187951804|387.057272054 -1088.05830506 102.753444363 -1088.05830506 4987.03561507 -31.7765739942 102.753444363 -31.7765739942 472.041357867|
|140|0.000265121286086|304.329786745 2.89622971363 -2.5651640658|115.185358333 4.54393738644 12.5560160707 4.54393738644 297.114407168 -542.381076331 12.5560160707 -542.381076331 2070.09420859|
|141|0.00416290521142|233.467182391 181.267793188 83.2608264418|202.704700393 113.100058869 404.394958387 113.100058869 310.011462432 523.625498872 404.394958387 523.625498872 3036.3736928|
|142|7.49439383634e-05|380.731054887 179.02983722 35.4190309904|289.789113101 -631.806584318 327.639804891 -631.806584318 2578.8082946 -558.385467658 327.639804891 -558.385467658 855.870495003|
|143|0.00243533942854|265.001154874 3.94727784893 -110.555019052|108.079549508 -154.254814588 -167.600477548 -154.254814588 487.877297928 333.772133361 -167.600477548 333.772133361 719.977071247|
|144|0.00289066169327|329.971814312 -31.1120991715 -146.701183147|612.925688772 466.776456453 -743.903615535 466.776456453 415.29323279 -638.862008824 -743.903615535 -638.862008824 2216.89852861|
|145|0.000706518639727|272.107563529 32.1003578716 -66.8328157008|522.438018935 153.266299093 -355.198565099 153.266299093 235.330875834 -22.7538138568 -355.198565099 -22.7538138568 550.701520059|
|146|0.00380652808326|246.608520494 -92.1178154602 75.7005324617|118.013003379 -73.7935683488 -29.4056363822 -73.7935683488 335.550011228 -99.0308151689 -29.4056363822 -99.0308151689 570.870471415|
|147|0.000595547558885|265.19185567 34.3522104043 -52.360748787|515.435114766 191.566868819 -366.775977961 191.566868819 233.565350841 -4.66450383283 -366.775977961 -4.66450383283 676.802460199|
|148|0.00318560549524|260.975457698 55.6887245863 -84.398840823|869.552913079 -537.625192682 -1252.49124108 -537.625192682 444.342111115 817.167336944 -1252.49124108 817.167336944 2204.01358647|
|149|0.00452275065244|328.11148142 -41.6408485145 -161.898094756|169.100866346 154.531059788 -145.349049882 154.531059788 618.941599022 -787.52255367 -145.349049882 -787.52255367 1686.43355855|
|150|0.00595308419346|371.391799625 -53.6204913514 167.679881975|444.65200053 144.374172921 -260.627800062 144.374172921 168.314416609 -193.389534512 -260.627800062 -193.389534512 1514.01548257|
|151|5.89871313967e-06|185.331641774 31.6954658866 63.4281906469|101.419202098 -133.73528132 -16.7119790374 -133.73528132 183.478936148 21.5206138079 -16.7119790374 21.5206138079 4.46380026175|
|152|1.06538770959e-05|353.910293134 3.28248828544 -15.0878847266|2057.32495583 -1079.63921002 919.679688909 -1079.63921002 1021.73692557 -407.859509647 919.679688909 -407.859509647 761.272192324|
|153|0.00739037844395|381.895727064 -6.45035007144 249.256659794|1047.02853821 358.795870634 -144.379231495 358.795870634 385.082635406 -65.5365153609 -144.379231495 -65.5365153609 342.795569613|
|154|0.000430998542083|267.456949217 -27.4410098577 55.3375991193|381.963623718 -98.6364926815 212.055203586 -98.6364926815 565.368776531 217.762104184 212.055203586 217.762104184 455.637656741|
|155|0.00486957067895|331.167358807 -227.992625894 41.1410774644|192.693161382 289.2146479 -137.187047102 289.2146479 651.557551023 -460.362513767 -137.187047102 -460.362513767 1441.35155983|
|156|3.28182006678e-06|416.016757735 -103.127425431 57.3551616281|252.266775583 276.727094296 112.161998731 276.727094296 1607.3573288 130.930551767 112.161998731 130.930551767 407.267985175|
|157|0.00010365937187|413.20513405 59.8957803956 43.6960886388|208.623315308 -752.316803298 138.762266225 -752.316803298 3982.98064985 -406.552186719 138.762266225 -406.552186719 1000.01854701|
|158|0.00459106065766|351.265831887 -212.516388435 -53.4434906646|309.380994146 555.86309689 264.569400117 555.86309689 1222.99251065 678.367772855 264.569400117 678.367772855 1076.00557969|
|159|0.000155414511061|422.28291829 -68.9372545026 56.7700305932|129.321752339 189.339744815 -13.6077027982 189.339744815 2261.29188115 -407.829630952 -13.6077027982 -407.829630952 568.36471655|
|160|0.00224874297706|325.187537805 87.9838132774 51.5714022699|130.026715569 -159.192036119 159.342230384 -159.192036119 723.469962773 -412.845311831 159.342230384 -412.845311831 738.217669023|
|161|2.40263457198e-05|266.159691041 54.6460087196 -44.0897965669|173.206754698 -154.426539007 3.86395913682 -154.426539007 2961.42816703 32.2505657596 3.86395913682 32.2505657596 537.107962455|
|162|0.00347009166913|385.345408827 39.4724675531 -15.2753924019|154.16973471 50.4811773684 53.5058156812 50.4811773684 191.391371568 -64.5766871036 53.5058156812 -64.5766871036 702.412931345|
|163|0.00121845980356|293.579261869 252.844890489 27.9255767418|848.662000315 657.952092262 -224.041503568 657.952092262 629.208440662 -190.032794148 -224.041503568 -190.032794148 865.189616902|
|164|0.00430727844409|378.388705279 331.055802143 120.595558898|297.709977343 48.4547564667 -137.107702213 48.4547564667 90.8715534202 -110.425103549 -137.107702213 -110.425103549 1036.76578353|
|165|0.000219414404458|269.054119801 58.7635115718 -44.3018185531|231.166349109 -97.39676832 -76.3121859986 -97.39676832 1033.05041158 445.669431702 -76.3121859986 445.669431702 395.397680988|
|166|0.00334638454935|444.262002757 25.3674896765 62.6514487886|323.428272528 -958.207313178 -368.757782077 -958.207313178 3347.05599966 1060.38293025 -368.757782077 1060.38293025 763.234959965|
|167|9.50469199295e-05|320.256453945 -10.988280022 47.7537388886|483.929548656 545.232761383 147.796631794 545.232761383 951.656441624 138.996666324 147.796631794 138.996666324 214.315720748|
|168|0.00859314830678|410.368098541 -267.732282763 14.5431687984|1050.20481541 838.779551822 -166.159609048 838.779551822 750.203684978 -143.823661722 -166.159609048 -143.823661722 730.893315002|
|169|0.00018244032781|309.811144784 -23.4092671028 54.1393614068|261.78257364 33.6271388052 52.5533237074 33.6271388052 404.769349248 -307.208106966 52.5533237074 -307.208106966 650.498335867|
|170|5.58160700647e-05|418.23594835 23.0574368075 21.1115238747|159.970237715 -325.486610768 147.369033789 -325.486610768 3157.94214638 -294.196204817 147.369033789 -294.196204817 366.068281292|
|171|0.00143695570221|231.128680533 169.415791745 44.5627245792|252.18144004 261.684492858 211.371354225 261.684492858 681.128192705 -10.9101363394 211.371354225 -10.9101363394 785.668892702|
|172|0.00031164503009|300.450486556 16.0109544144 -28.2823444656|205.484433958 -153.853606403 -1.54609507493 -153.853606403 356.832734977 -330.506917016 -1.54609507493 -330.506917016 1220.91323089|
|173|0.0106588557619|321.194336278 -295.676833024 89.0136089968|148.616720107 -49.3902700988 187.179649454 -49.3902700988 225.612581764 24.5977586019 187.179649454 24.5977586019 5622.1822984|
|174|0.000724869977072|428.595443901 -3.69474775321 25.1200101811|66.6801148251 -72.1794297959 55.6386426832 -72.1794297959 1852.43114708 -694.868649079 55.6386426832 -694.868649079 927.558655556|
|175|0.00519027067366|319.511914379 42.3000523446 -145.495994332|925.264584425 -344.477434599 -952.719585751 -344.477434599 242.183690624 484.469455533 -952.719585751 484.469455533 2074.58737276|
|176|0.00041855776271|278.846403202 -35.0153672181 51.2819900909|380.318743986 271.46347287 23.0114120525 271.46347287 419.337581005 -118.405441659 23.0114120525 -118.405441659 714.010208613|
|177|0.00294500476198|259.14831788 202.762702508 -184.748908324|93.3020764537 -15.6734254513 53.0485151073 -15.6734254513 531.61410021 -496.672750546 53.0485151073 -496.672750546 784.359793305|
|178|0.00310163826797|432.495343762 241.860453699 111.750367149|91.5619830879 -179.830483945 52.8888253295 -179.830483945 753.675601956 -228.445984837 52.8888253295 -228.445984837 750.325413384|
|179|4.49490011819e-05|313.768658647 -13.7969097529 29.5449269363|301.106674614 47.6857283435 -106.645588675 47.6857283435 645.744355211 -926.254334879 -106.645588675 -926.254334879 2060.14913845|
|180|0.000264691824568|258.565221206 -44.8352396574 38.5813009314|308.163897866 -257.373606752 12.8906264834 -257.373606752 624.342407487 120.299910226 12.8906264834 120.299910226 248.720924716|
|181|7.86248354072e-05|411.108938231 -71.8461563684 24.7484357993|295.292052996 -232.058504908 427.133686604 -232.058504908 1010.71667141 -391.209203143 427.133686604 -391.209203143 954.68808559|
|182|0.00180544028915|293.137354536 68.6420698651 79.9647056087|805.301428502 -589.585159287 272.680244662 -589.585159287 497.709922304 -209.526569068 272.680244662 -209.526569068 341.383704796|
|183|0.000461352948318|422.123275778 -81.824557176 55.5470961716|143.211604101 189.537792281 -26.8956606956 189.537792281 2183.76829192 -498.89560352 -26.8956606956 -498.89560352 535.959424038|
|184|0.00632569325631|301.415203191 133.023918326 112.699166324|451.088842884 -527.045361243 -2.96717174076 -527.045361243 925.295919891 -148.227356617 -2.96717174076 -148.227356617 391.235449814|
|185|0.0081164442832|478.233088213 -67.2994608179 -9.5574301962|68.6395567682 -179.099406261 -14.7192901788 -179.099406261 2133.05362308 457.124475682 -14.7192901788 457.124475682 831.812837377|
|186|0.00200471780058|426.503771285 -9.92244466511 -104.176847723|349.988142036 638.0554949 673.27407428 638.0554949 1404.53674814 1018.57994192 673.27407428 1018.57994192 2673.27023252|
|187|0.00263023238283|315.29984276 239.371759277 149.596933074|149.634579122 277.988960881 -215.997931322 277.988960881 825.079235852 -732.071698694 -215.997931322 -732.071698694 1731.6145201|
|188|0.000460927859484|281.575539035 -42.5518756294 72.9376758182|316.152541892 39.6194887267 187.908820894 39.6194887267 286.475906199 117.24895787 187.908820894 117.24895787 825.151242084|
|189|0.00594939919012|266.110197404 -257.972652707 -205.606356298|843.454622994 -835.833321488 450.190400072 -835.833321488 874.28447489 -451.370607063 450.190400072 -451.370607063 1608.73522904|
|190|5.22416006214e-05|359.626591551 14.1691387629 51.611098971|578.542384083 -800.088992354 -322.829767102 -800.088992354 1370.47720242 446.3152471 -322.829767102 446.3152471 771.286017032|
|191|0.00509313414736|416.136312792 121.76220973 0.0676619868|688.286700977 -1848.02611269 -69.6590150882 -1848.02611269 5423.77139895 474.966056227 -69.6590150882 474.966056227 872.589677939|
|192|0.00428929906184|291.361661785 -285.130441585 202.543263801|484.669082085 -451.552193332 -196.997770661 -451.552193332 454.758736293 207.206070288 -196.997770661 207.206070288 1664.91471594|
|193|0.00200865681894|299.594061978 129.587079069 -121.66771215|56.9014106439 -85.645859646 46.1886778219 -85.645859646 464.10355849 -229.846286005 46.1886778219 -229.846286005 518.980486953|
|194|0.00100981077008|373.750745809 -101.228558876 224.832914464|2382.29494918 -1975.45180387 -1995.74234087 -1975.45180387 1744.30826912 1652.57319761 -1995.74234087 1652.57319761 1722.55807224|
|195|0.000244918989879|269.70543268 37.7903977308 -58.1132822606|279.4735091 -62.0595347635 -164.981577037 -62.0595347635 765.263147828 364.501733296 -164.981577037 364.501733296 475.353522206|
|196|0.00126054867034|249.735791041 41.3141416525 -16.1056903351|205.098794846 283.970593017 -103.338716544 283.970593017 575.531688032 -176.384729624 -103.338716544 -176.384729624 220.478163914|
|197|0.00171918138711|372.541367647 234.318822207 119.26197102|620.485121179 -160.006039294 810.322033531 -160.006039294 160.043333512 -270.839749667 810.322033531 -270.839749667 1248.17209455|
|198|0.00336187033409|221.050895825 -201.010489072 -68.5838806735|323.75314372 -128.267286989 247.80201981 -128.267286989 119.396258878 -66.7088429103 247.80201981 -66.7088429103 1251.7415419|
|199|3.85465834203e-05|394.761406231 127.041779478 41.0442798375|99.6609829985 -109.789945327 -14.2142940166 -109.789945327 2950.5522147 742.543270884 -14.2142940166 742.543270884 523.807828708|
|200|0.00630067101839|410.166115495 -100.131800028 4.6907373054|629.106391215 1512.68669639 -56.241046464 1512.68669639 4279.77581806 -107.582378263 -56.241046464 -107.582378263 1442.38124719|
|201|0.000337160066243|418.474869502 -58.7669319646 16.9040293023|276.512206129 421.101056642 59.8054172258 421.101056642 1351.37209649 295.626747332 59.8054172258 295.626747332 1386.46517214|
|202|0.00667600259105|280.615960412 248.355148775 247.537598923|574.444362678 577.560368885 -193.201079593 577.560368885 934.687603756 -193.999673155 -193.201079593 -193.999673155 456.251052031|
|203|0.00139966114863|402.932951019 130.288346146 -19.7351948035|696.13332666 -1167.24300414 -909.912697797 -1167.24300414 2609.4217006 1964.56310932 -909.912697797 1964.56310932 2134.09475998|
|204|5.20366429966e-05|405.271063764 89.2789225411 50.5337153884|247.714039592 -886.016727578 180.103570155 -886.016727578 4413.50610315 -356.59124958 180.103570155 -356.59124958 1049.19197272|
|205|0.000566236103238|426.335696419 -56.1935965734 26.3139853117|79.0789609992 147.369884447 -53.6190417488 147.369884447 2419.51712978 -874.339698776 -53.6190417488 -874.339698776 1096.75912061|
|206|4.22494800634e-05|296.189141296 -27.7588884495 48.5015785222|451.736154661 225.014170712 -19.9626791857 225.014170712 454.477806034 -347.121086552 -19.9626791857 -347.121086552 912.405131153|
|207|5.47810526792e-05|405.820823298 89.4875515883 40.1633176969|282.839247514 -888.934174789 144.810185331 -888.934174789 4253.42292035 -197.35349605 144.810185331 -197.35349605 849.29367942|
|208|0.00235409259115|271.623186662 -220.492701665 -155.869980215|272.937043253 -462.221582233 -355.827992785 -462.221582233 1132.7783573 812.153473144 -355.827992785 812.153473144 2712.43592165|
|209|0.00210607501267|342.948876486 264.95782357 31.9027053358|120.844256441 -19.7364838049 -33.9423715231 -19.7364838049 735.365220459 -59.2162889571 -33.9423715231 -59.2162889571 1003.56473395|
|210|0.000369867661993|321.78611991 -23.1374860489 50.9450208736|374.503820004 -36.0940590478 -109.355771114 -36.0940590478 230.583271231 -25.431872707 -109.355771114 -25.431872707 348.154058718|
|211|0.00111063356616|248.109277776 -199.326594456 -46.9847739125|248.204076658 -195.856205607 -50.3008400059 -195.856205607 620.748778642 -171.119070999 -50.3008400059 -171.119070999 428.646542533|
|212|0.000495582266307|392.005186804 202.158178574 64.9049898486|158.787997872 -221.19392844 -113.382317517 -221.19392844 693.562252519 136.517753369 -113.382317517 136.517753369 401.229857407|
|213|0.0019687399598|295.645077118 -235.660204945 -79.706337113|80.9707798856 19.7218674594 13.5060349344 19.7218674594 89.9891335802 -170.388079468 13.5060349344 -170.388079468 1543.15981116|
|214|3.35946877376e-05|288.901292886 -35.3797460678 37.6130722663|402.481379344 446.672352893 81.1031806153 446.672352893 895.483769595 -40.0353394874 81.1031806153 -40.0353394874 562.410444642|
|215|0.000264221115485|316.741951323 -25.0678164164 53.461205208|632.738699381 783.640111017 24.6025235944 783.640111017 1305.83547336 163.153987772 24.6025235944 163.153987772 235.551955899|
|216|0.00376333958384|357.244396783 9.99895854507 -159.85989177|832.570601679 -47.0932832245 334.817610493 -47.0932832245 158.208309222 151.654695318 334.817610493 151.654695318 593.150576636|
|217|1.51376122094e-05|317.350976104 -14.6264554469 40.6028145505|795.285881794 374.246561338 -329.825211742 374.246561338 660.472544624 -472.941222167 -329.825211742 -472.941222167 1028.35756066|
|218|0.0052660677732|277.502342459 -182.041644555 34.7553087501|343.849416789 358.281801264 72.1473094108 358.281801264 548.649749285 69.4958603874 72.1473094108 69.4958603874 713.050179082|
|219|0.00163702198423|260.320725995 208.584573421 -96.910665427|69.5682774664 104.72809092 212.488137845 104.72809092 397.538884711 315.696573694 212.488137845 315.696573694 1273.67919111|
|220|0.00147004266521|398.739683696 110.23340317 -47.606577189|354.741587456 -945.288249026 -639.437741987 -945.288249026 2760.72532508 1669.48078825 -639.437741987 1669.48078825 1724.75362641|
|221|0.00260154551499|351.84139454 -267.04204471 -115.404010603|351.827042497 64.9009961031 343.871311111 64.9009961031 282.447519653 98.9574869513 343.871311111 98.9574869513 504.156623698|
|222|0.000402160348856|311.158799635 -32.5835279271 51.8330604256|622.461735051 692.138145729 13.5822651184 692.138145729 1139.24829281 130.65982545 13.5822651184 130.65982545 221.621997254|
|223|8.60820601087e-05|308.608505853 -11.6934367157 31.1064453938|189.799170555 41.4981596753 20.0430224379 41.4981596753 678.947782829 -978.149256919 20.0430224379 -978.149256919 2145.67917808|
|224|4.73505148262e-05|302.68799649 9.30907864961 -12.9410151535|201.183562194 -160.288528008 94.5706317128 -160.288528008 610.262292403 -936.27543757 94.5706317128 -936.27543757 2480.6413167|
|225|1.99746789626e-05|405.186610806 87.9714596397 29.924325688|231.293957611 -581.352522588 -42.8629249195 -581.352522588 3944.88381831 652.751770271 -42.8629249195 652.751770271 467.252828294|
|226|5.28565689106e-05|313.204208572 4.09544757315 -9.9278414912|259.15969431 -114.444821464 160.486048165 -114.444821464 669.184235261 -1043.65224694 160.486048165 -1043.65224694 2369.36371175|
|227|0.00535383976156|330.878626966 49.4583972195 129.941961224|297.923024127 -83.7269739787 -254.025119719 -83.7269739787 210.526813544 35.8750298752 -254.025119719 35.8750298752 673.874534517|
|228|8.71134250488e-06|410.093121002 16.966021565 12.148796384|289.137858446 -61.0722150032 7.18883680071 -61.0722150032 2587.90227102 836.753877824 7.18883680071 836.753877824 452.566368543|
|229|0.000689116172188|336.466605332 264.776716611 14.4356158942|195.570111474 -36.8105696717 80.6438170311 -36.8105696717 482.391370604 94.9634578467 80.6438170311 94.9634578467 1251.91247142|
|230|1.02204303656e-05|299.526948883 13.7899297851 -33.7885740801|249.330139741 50.1598429646 369.557695752 50.1598429646 473.073508379 -595.087738203 369.557695752 -595.087738203 2076.92630075|
|231|0.00333842571519|219.075248461 -71.4164786935 -3.2434791424|123.98010011 80.5064837164 35.0419537021 80.5064837164 236.498216838 -278.373118177 35.0419537021 -278.373118177 1230.67996885|
|232|1.67308174e-06|354.53412141 237.085520286 26.122560718|436.867679991 -343.233117775 116.601968939 -343.233117775 782.123011485 129.357766375 116.601968939 129.357766375 931.711558251|
|233|0.00017465003098|317.380617834 23.3080994521 -41.9788360741|583.080773846 78.9681406351 482.660590928 78.9681406351 175.327983875 55.6713969574 482.660590928 55.6713969574 846.535578719|
|234|0.000374785575236|296.036829288 -7.99423401927 13.8437900179|247.581132097 200.341319401 -116.954480229 200.341319401 278.282945304 -186.436903015 -116.954480229 -186.436903015 1039.27219868|
|235|0.00527427853744|242.407776676 -114.107844101 -57.8688966303|253.648680745 163.050474391 -119.082431868 163.050474391 331.722813862 -426.123074718 -119.082431868 -426.123074718 1403.51363375|
|236|5.11226007172e-05|307.79189398 7.23501640662 17.9899355732|411.629148267 1128.21897254 144.46156109 1128.21897254 3560.82473768 89.7178663811 144.46156109 89.7178663811 439.513461014|
|237|0.00207099609447|348.503845334 148.186635337 -5.3443046358|372.409856789 183.414234624 149.645587868 183.414234624 599.152146539 -356.150381805 149.645587868 -356.150381805 730.71228626|
|238|0.00286677878381|271.510355644 -194.143294947 139.921348588|185.708518809 11.6070030539 -168.55473661 11.6070030539 329.169727886 121.035131065 -168.55473661 121.035131065 414.415903237|
|239|5.01462037295e-06|280.423503414 -235.588995939 10.4201910475|1207.20558605 -1078.54652055 296.554928788 -1078.54652055 1239.18913922 22.1746609121 296.554928788 22.1746609121 687.89841032|
|240|0.00361305461949|371.243761615 202.404096724 -144.064678513|351.431890732 -91.5541517479 206.647937424 -91.5541517479 117.269646961 15.5494517077 206.647937424 15.5494517077 666.72662482|
|241|0.000331927876384|256.025133163 -43.1531581616 75.8396252248|177.454001413 150.609950983 155.749851869 150.609950983 1182.00425399 104.120875046 155.749851869 104.120875046 376.988616888|
|242|1.49793663666e-05|320.273148028 -9.05471769896 28.2303904922|630.749568983 255.524242372 -281.586592834 255.524242372 670.865087918 -674.807978014 -281.586592834 -674.807978014 1507.02940679|
|243|0.00499832356805|215.931718122 -180.760713833 -130.807870731|452.640237207 -213.247969466 -694.722925241 -213.247969466 315.137836401 469.825951303 -694.722925241 469.825951303 1959.71246078|
|244|0.00854084334131|452.129236978 -5.98814995608 -54.0879007738|208.260761153 394.601838552 171.724817076 394.601838552 1132.01340216 361.594724038 171.724817076 361.594724038 3049.00777883|
|245|0.00249763063703|419.476510088 65.8521059366 89.2410957406|123.228398693 -210.622440421 -293.466440819 -210.622440421 1623.73712558 176.965807328 -293.466440819 176.965807328 1921.49078122|
|246|0.00617709904081|480.907251112 -151.859654751 20.472143831|84.7929701305 208.821613123 -57.509191814 208.821613123 1325.49102139 66.4827661899 -57.509191814 66.4827661899 870.71282352|
|247|1.44122076437e-05|398.945033421 109.481245183 34.53325012|185.625571426 -398.311978894 -58.970701902 -398.311978894 4159.51572732 955.650596778 -58.970701902 955.650596778 527.437663496|
|248|0.00750337584038|222.56763293 -166.704260402 92.4483058683|696.853848525 91.14237834 375.072897654 91.14237834 152.962785092 -105.474703988 375.072897654 -105.474703988 994.399560745|
|249|0.00719736366348|348.572592702 25.9304058122 -257.843226402|1206.43607713 -101.105372349 12.2773660711 -101.105372349 404.820521581 63.0859234585 12.2773660711 63.0859234585 211.239169263|
|250|0.00590427414417|191.053194683 157.098834264 51.9193392016|533.027658909 97.6116810616 994.056983472 97.6116810616 104.371720954 298.265785646 994.056983472 298.265785646 3035.67165629|
|251|3.43902321245e-05|414.923995286 -99.3583740377 47.2076041718|304.41315249 395.645819458 95.3574690113 395.645819458 2013.95263358 -291.026668457 95.3574690113 -291.026668457 556.739955305|
|252|0.00263803604837|330.527339122 -66.9075540357 -31.2768951958|83.1927318365 133.159052448 -50.5450538371 133.159052448 1124.78608036 -3.99082759774 -50.5450538371 -3.99082759774 402.632919268|
|253|1.75554488395e-05|404.671415179 93.0125796942 35.3615477925|306.636994836 -862.274716061 67.9024447826 -862.274716061 4181.14092585 109.127978046 67.9024447826 109.127978046 561.539041684|
|254|0.00412608057029|294.817149607 -213.825052954 -186.424987213|325.172793318 -358.834770126 216.323020526 -358.834770126 532.293263199 -348.760585123 216.323020526 -348.760585123 1094.65709353|
|255|1.73893277327e-05|351.000263092 -23.0543206822 27.9524734898|1117.0855491 -313.03908032 -33.3666629228 -313.03908032 251.041873367 -166.276883125 -33.3666629228 -166.276883125 862.146595066|
|256|0.00365463239556|379.428591689 -280.428896191 -60.2443698855|667.233483604 459.91649294 281.357300572 459.91649294 401.237852983 61.914512119 281.357300572 61.914512119 795.584192132|
|257|0.000149055865116|305.98087559 14.9672259887 -34.3822517916|151.362367701 -37.8695257643 119.055462584 -37.8695257643 490.946024018 -817.546122114 119.055462584 -817.546122114 2169.80450702|
|258|0.00485666544517|303.50140973 147.399685069 -52.0144399643|228.875139674 -158.455518546 398.903614343 -158.455518546 249.217041727 -461.754414293 398.903614343 -461.754414293 2586.02409979|
|259|0.000849301632047|387.492735605 85.7756213583 30.5768380466|19.1638425546 -7.13356309634 39.4334446538 -7.13356309634 544.998270861 92.8990993038 39.4334446538 92.8990993038 683.267811086|
|260|0.000126583439396|374.996152246 -29.746815601 14.9609427225|998.977955609 -437.244055234 671.64224663 -437.244055234 338.454435661 -460.157074343 671.64224663 -460.157074343 1000.46874814|
|261|0.000209664912931|329.773163777 54.0560862005 32.9879693093|82.5957432399 220.17948705 83.6933978996 220.17948705 2017.85401714 -375.857581865 83.6933978996 -375.857581865 536.975432402|
|262|0.00767271743752|299.753577326 -53.3514187222 166.551782214|662.381569729 -232.227648742 594.455356346 -232.227648742 203.086110432 -97.508983927 594.455356346 -97.508983927 1576.84116097|
|263|0.000193557505592|337.456830666 22.6539664086 -22.9626533583|1186.371399 -1148.82924323 241.016318168 -1148.82924323 1477.69462562 -59.5724659871 241.016318168 -59.5724659871 278.101025121|
|264|1.51728233355e-05|332.875395231 -21.2932885133 34.6618237206|1004.30470999 -74.4473927531 -291.804628419 -74.4473927531 136.323032528 73.1255389893 -291.804628419 73.1255389893 382.732816161|
|265|0.000153325969774|297.023130066 -7.54895399014 10.5539965483|258.565427433 233.19013861 62.1977522137 233.19013861 425.120334693 -205.121956513 62.1977522137 -205.121956513 961.451242093|
|266|0.000556287846644|426.921684766 -96.5595735085 42.2691370981|79.175035481 210.08970008 -74.2973527836 210.08970008 2064.33301163 -908.95622281 -74.2973527836 -908.95622281 785.276231543|
|267|0.000147954735256|306.143102206 -17.3591327251 44.8872292964|199.67138865 71.0638935057 45.1542743979 71.0638935057 572.828917832 -647.798013225 45.1542743979 -647.798013225 1349.73536479|
|268|0.00310456878266|283.922565763 -248.205620745 -14.4214097874|1011.31137494 -522.935484031 484.526923607 -522.935484031 379.545966122 -268.460439353 484.526923607 -268.460439353 640.846322878|
|269|0.000727321621089|395.296800265 146.74823219 6.3205971888|555.681463745 -1013.50208305 -614.438384919 -1013.50208305 2621.95869254 1489.61611535 -614.438384919 1489.61611535 1538.74529788|
|270|0.00012566911302|412.26360818 -93.1159991432 32.0743971917|273.500219956 152.112711087 247.392196586 152.112711087 1520.04177188 -161.819524016 247.392196586 -161.819524016 687.968636879|
|271|0.000138506593443|413.51908933 -110.036138883 63.3559774347|184.097919133 92.986377263 71.6370882425 92.986377263 1214.05242745 47.3929338767 71.6370882425 47.3929338767 399.776595139|
|272|0.00705896137986|327.433571668 -36.6060144257 159.475712256|952.176413745 -126.215544886 925.199202748 -126.215544886 144.566533017 -61.2432296666 925.199202748 -61.2432296666 2843.79255799|
|273|6.71610450197e-05|300.799606572 -9.31651939296 19.2495194931|212.152858673 158.501148627 -94.8654700206 158.501148627 640.352993637 -927.926222099 -94.8654700206 -927.926222099 2281.86513567|
|274|0.00600007314589|234.269328279 116.477446105 62.7117634145|307.392063991 -127.855827256 182.162049273 -127.855827256 237.687693401 -260.739670218 182.162049273 -260.739670218 913.383287849|
|275|1.07157374826e-05|324.313097602 -16.6479255525 41.0636320844|840.545224697 238.028031905 -311.110380134 238.028031905 512.076934074 -298.171103357 -311.110380134 -298.171103357 787.648666012|
|276|9.91858285572e-06|300.463475395 -18.1659055449 39.2682640302|435.772310702 187.04500484 -91.4916407113 187.04500484 658.808478008 -681.64604564 -91.4916407113 -681.64604564 1602.10763948|
|277|0.00213396846084|407.348074218 51.6008478864 142.542915737|148.970836203 -300.520954571 -198.349334116 -300.520954571 1095.88263565 33.3339616861 -198.349334116 33.3339616861 1081.08495061|
|278|0.000101107060607|323.475610495 -7.0536157327 54.0820523069|218.945132227 267.198955343 3.98849940631 267.198955343 699.565863677 -73.654274809 3.98849940631 -73.654274809 257.951232067|
|279|0.00870928149624|378.92462355 -191.194531868 136.59044646|328.642947017 170.398416032 40.3825078252 170.398416032 291.541109831 466.516042434 40.3825078252 466.516042434 2704.61121572|
|280|0.000525499746636|392.108941777 -38.0538307989 27.1866384823|352.216434121 -370.301452099 421.595134115 -370.301452099 701.213516371 -719.323144297 421.595134115 -719.323144297 1198.33481688|
|281|0.000669601187376|283.949423946 39.1044028243 -68.5012003541|318.90459191 23.4613091314 -257.622143916 23.4613091314 183.90493415 38.1106598376 -257.622143916 38.1106598376 670.95526199|
|282|0.0049345140379|342.418872113 -286.111449989 -44.8388796919|137.071835308 -31.2827826294 171.168020376 -31.2827826294 337.759935344 -452.094383032 171.168020376 -452.094383032 2133.80330434|
|283|0.00130295916667|282.5493541 14.9543970326 109.587334309|246.954113237 425.986636323 -63.1418037251 425.986636323 1023.65269821 -197.875289097 -63.1418037251 -197.875289097 173.498709818|
|284|0.000227050663039|414.787824588 -79.2451728745 31.9672813466|294.611381736 345.439639895 187.886642082 345.439639895 1844.33611866 -54.3774382045 187.886642082 -54.3774382045 691.355842852|
|285|0.000433769096421|215.373917165 63.2180866329 53.5773529744|68.9677448027 53.4357830869 -114.046653305 53.4357830869 110.756784856 -193.633476298 -114.046653305 -193.633476298 496.009507709|
|286|0.00386753656395|444.863902753 23.4967224461 108.495558705|307.697726234 -83.2970397671 -784.876312524 -83.2970397671 396.721063543 11.0456263085 -784.876312524 11.0456263085 2503.03460008|
|287|0.00013161826675|333.069227745 -251.893053193 -22.4751617421|485.576188299 -124.40808849 -432.357332297 -124.40808849 179.99138111 256.483319644 -432.357332297 256.483319644 974.16209265|
|288|0.0128405283744|498.851536025 -74.9180178086 106.707394295|180.981550482 228.162522795 74.9549295421 228.162522795 1059.06948346 8.56273847602 74.9549295421 8.56273847602 1393.92515443|
|289|0.00217237516569|345.213430631 -153.529362709 44.6383822301|303.482834237 -347.745697101 -335.820565237 -347.745697101 725.755605041 378.911952868 -335.820565237 378.911952868 593.473623743|
|290|0.00406402633378|424.180288639 -35.2040462036 -107.851756589|81.8560226242 252.149874662 153.648982369 252.149874662 2275.51753236 670.680985698 153.648982369 670.680985698 1048.32514476|
|291|5.05361072892e-05|329.511023672 11.3263224882 -33.3710103332|1130.09903954 -641.279871533 616.168402789 -641.279871533 673.302479496 -412.24029344 616.168402789 -412.24029344 624.035360076|
|292|0.000111367863038|411.64676771 63.0096048182 53.7018458021|179.652876131 -740.839072849 78.7190657224 -740.839072849 4129.27499402 -209.113588466 78.7190657224 -209.113588466 1065.67183082|
|293|0.00017427879132|506.418570373 116.775358787 205.246821015|25.8925795063 -6.76296358393 8.64306000647 -6.76296358393 30.7547046887 -57.883680457 8.64306000647 -57.883680457 254.671529924|
|294|0.00144190621608|381.281809697 252.613345639 66.5112050908|240.415441967 -23.6947225274 26.3262381283 -23.6947225274 546.854016324 -306.260366053 26.3262381283 -306.260366053 275.639553099|
|295|0.00252534215708|241.015561281 233.866447317 9.458636012|896.133640853 809.060298664 1631.19633893 809.060298664 762.216369682 1451.06765021 1631.19633893 1451.06765021 4371.96790091|
|296|0.000644827811432|355.494873834 163.182658532 -14.8298982769|424.4337809 150.820433652 528.892535342 150.820433652 482.814331162 64.3592630158 528.892535342 64.3592630158 929.723872783|
|297|0.00375007156371|213.186874601 -105.872523981 -25.4106482829|315.892518993 108.55695055 -924.907844321 108.55695055 115.208860148 -249.147223956 -924.907844321 -249.147223956 3673.5738569|
|298|0.0018403724669|383.983702919 222.675578651 125.613628087|253.840355605 10.5564755532 651.838611696 10.5564755532 187.372492849 -366.448203985 651.838611696 -366.448203985 3035.51583553|
|299|0.000287543316953|299.857918838 10.9578279717 -9.7511051383|206.639502973 -172.072804814 12.63720746 -172.072804814 407.589834368 -479.952198029 12.63720746 -479.952198029 1751.36866057|
|300|0.000605052808371|411.559019511 -136.80202488 35.5438027054|187.987241319 -59.1130455528 228.809968592 -59.1130455528 1012.61797458 -991.868604895 228.809968592 -991.868604895 1409.34294218|
|301|0.000360413417378|341.029723696 135.08833689 28.3551512297|330.427170058 172.334773302 -55.1687949053 172.334773302 602.979612415 -594.888072799 -55.1687949053 -594.888072799 1230.2395424|
|302|0.00141264945026|456.594529467 -83.2619615041 61.8434320215|416.914797991 90.1505461471 -271.575430132 90.1505461471 547.462600362 -214.610566982 -271.575430132 -214.610566982 312.702198707|
|303|0.00893549146657|399.816546529 40.0061953564 -189.516909463|689.357293516 -227.312374572 112.70926341 -227.312374572 227.565680551 -76.9278500637 112.70926341 -76.9278500637 1347.75616466|
|304|0.002355854903|473.004593068 -171.930222599 121.227218359|151.003982976 -69.6976866821 78.9476378137 -69.6976866821 144.211197773 -72.6909624861 78.9476378137 -72.6909624861 510.310704596|
|305|0.00304601081322|335.988279451 -59.9098945376 -87.698652948|137.492061472 121.036678919 -112.047585206 121.036678919 527.798666267 -300.60346371 -112.047585206 -300.60346371 697.063563496|
|306|0.00249655943706|349.124579152 222.912295137 12.0322431609|293.416337404 -183.957757008 89.5600008595 -183.957757008 414.107118906 -340.663056568 89.5600008595 -340.663056568 1170.71002459|
|307|0.000128623394646|406.541376235 -75.2735017693 31.2761034453|244.121950177 -267.856947292 341.111457899 -267.856947292 1010.61798753 -411.495886945 341.111457899 -411.495886945 1025.14410713|
|308|0.000117015124795|391.743243358 132.1986491 39.1383695604|56.3724019099 -6.9750586067 24.2950281829 -6.9750586067 2769.85741277 710.050790465 24.2950281829 710.050790465 653.419645556|
|309|0.000193557915188|265.440922846 -31.1496365495 58.1075054286|278.907955324 66.9289195455 188.121031993 66.9289195455 771.210161327 303.578811589 188.121031993 303.578811589 487.954400922|
|310|0.00444988481385|378.454045426 280.642809725 222.00969478|957.015993395 199.11312665 -767.078305681 199.11312665 216.19669578 -341.085283005 -767.078305681 -341.085283005 1006.03682384|
|311|1.25021639905e-05|293.606767234 11.3390722653 -38.4495854335|285.699560261 112.851137693 42.5859074122 112.851137693 814.755692545 -1130.67679752 42.5859074122 -1130.67679752 2861.63007031|
|312|0.000516630220293|350.210761724 258.234805415 49.2868101271|309.888606264 -117.254049643 133.468470493 -117.254049643 509.93012825 -199.349758497 133.468470493 -199.349758497 360.091394823|
|313|0.00239231846231|267.877834968 37.8711055283 51.7749350072|90.1844460655 47.4370681213 -3.19018409388 47.4370681213 189.066578888 -70.6810201853 -3.19018409388 -70.6810201853 791.974497017|
|314|0.000160025665858|420.827449433 -68.2103608455 54.0171022542|166.86134716 236.018366607 12.6783030333 236.018366607 2246.49763648 -455.929352239 12.6783030333 -455.929352239 570.308362194|
|315|0.00643535485623|403.873041058 144.258302602 -52.7870020306|682.609504242 -1536.17064857 -288.711700452 -1536.17064857 3866.04754541 922.957177322 -288.711700452 922.957177322 720.868510459|
|316|0.000928604415306|305.524509321 -35.6555754553 73.4882000306|398.948024024 72.9554115717 -116.111874785 72.9554115717 300.358583088 -198.497056793 -116.111874785 -198.497056793 475.323592843|
|317|0.00219707247781|321.309684153 -121.754798785 6.9953334236|205.444585663 31.8369420717 10.2445892381 31.8369420717 216.899977043 -172.690752767 10.2445892381 -172.690752767 522.013350141|
|318|0.00210728629991|282.84188707 199.679011007 167.736025003|369.781602151 13.4001064292 239.33349897 13.4001064292 147.716516809 52.3867967987 239.33349897 52.3867967987 507.183835016|
|319|0.0060224262549|438.605588011 13.2596785778 205.614642223|236.619658897 -111.172951066 -137.566854821 -111.172951066 425.60237561 -122.392669481 -137.566854821 -122.392669481 955.784519935|
|320|0.00103830354185|412.491606469 103.209903088 50.2201512588|191.615289884 -542.516155466 -59.9552686831 -542.516155466 2929.51090733 150.367164838 -59.9552686831 150.367164838 738.470173885|
|321|0.00213101519302|271.119297205 -224.663210867 -77.861540733|137.672220635 -239.50243447 -222.918137983 -239.50243447 780.92565828 567.659735505 -222.918137983 567.659735505 1913.42092776|
|322|0.000216354734182|275.584039464 -51.3786815186 48.6358250098|227.053271028 122.735698337 138.678571008 122.735698337 694.179089004 426.527558716 138.678571008 426.527558716 610.357895018|
|323|1.75948566965e-07|420.019590803 -43.6553720105 44.5267898204|1498.38383111 -613.54589414 408.93068378 -613.54589414 1216.82127114 -391.938633104 408.93068378 -391.938633104 400.038458571|
|324|0.00141195319384|240.006678678 -23.069460271 28.8255622875|73.13316101 -103.778176148 -16.114716754 -103.778176148 389.322674528 67.4970388397 -16.114716754 67.4970388397 249.553593774|
|325|0.000143615568674|367.908058159 225.742166849 13.8456824566|309.605110611 -305.923854156 240.361759973 -305.923854156 738.504271173 -61.1207465061 240.361759973 -61.1207465061 979.654312174|
|326|0.000147295159613|281.539179214 35.2848194416 -44.8231479235|261.188909191 -119.560601916 -175.584840768 -119.560601916 220.833920927 12.6304503588 -175.584840768 12.6304503588 1007.65578384|
|327|0.00126306836672|251.46135768 113.440009799 -8.8984128185|109.579667877 -289.494479867 -141.575324076 -289.494479867 1058.74966328 464.481136802 -141.575324076 464.481136802 550.506682331|
|328|0.00427451805011|464.147804541 213.851247087 13.4188419334|219.82262776 -317.448322417 78.6118969929 -317.448322417 606.023950411 -213.82306366 78.6118969929 -213.82306366 802.754792654|
|329|0.000277272762739|359.071399823 230.184338006 6.9759498414|285.690030063 -200.753482198 350.352900301 -200.753482198 961.287750047 1.40338284889 350.352900301 1.40338284889 840.326475659|
|330|0.000698872564344|264.295302655 56.1527988437 8.550852472|119.96244275 -144.201841014 261.739068213 -144.201841014 474.636537298 -362.998858784 261.739068213 -362.998858784 704.261900366|
|331|0.00210956022343|267.400465052 -32.9945500258 -23.6923986604|81.4231898684 25.1542113396 -85.315912656 25.1542113396 211.788648757 -265.398333182 -85.315912656 -265.398333182 1010.11294823|
|332|0.001132109073|363.778849223 -231.772302412 31.6789540508|65.6464728295 59.4080411596 58.4067780048 59.4080411596 206.170464812 61.6924298351 58.4067780048 61.6924298351 1232.47390479|
|333|0.00122759669777|373.143904768 3.54453971787 53.5583662195|1187.57413369 -1978.08534193 627.916402602 -1978.08534193 3401.0178482 -1112.30465155 627.916402602 -1112.30465155 832.607370499|
|334|0.00325809392327|386.794133874 -156.990916377 -26.9478254719|392.847228868 1145.58575458 -237.663631896 1145.58575458 4297.84129201 -180.760379775 -237.663631896 -180.760379775 911.612913717|
|335|0.00494752229364|342.745151843 -119.34125769 -55.7710802472|324.349148578 -345.976103362 704.13174936 -345.976103362 1070.63866623 -1707.33823788 704.13174936 -1707.33823788 3137.64717148|
|336|0.00220223349392|326.469722448 57.1732016584 28.3835139679|84.4804835526 -111.262384087 -19.6940339765 -111.262384087 495.989106217 -10.3807362957 -19.6940339765 -10.3807362957 655.892254152|
|337|0.00234573449978|241.820920683 147.506376326 -6.8743891558|224.581901293 -248.711472586 -216.779265368 -248.711472586 398.105292602 289.962243112 -216.779265368 289.962243112 1103.67207807|
|338|0.00142773508085|420.735622259 -37.2130931354 -17.3425824921|254.713299611 494.572882242 -251.656171054 494.572882242 1404.24262726 -213.505616559 -251.656171054 -213.505616559 2574.5888574|
|339|2.75391230668e-05|313.949049208 -16.3394297031 39.1437814113|490.489073395 186.033542895 -228.505951191 186.033542895 610.593156229 -674.925874963 -228.505951191 -674.925874963 1472.56411262|
|340|0.00154066154428|397.279401284 97.2589881974 191.369341393|67.2184138616 -265.328972893 -59.6076389473 -265.328972893 3628.59949629 792.125011202 -59.6076389473 792.125011202 350.909016433|
|341|8.74970201975e-06|343.69129456 1.68903576101 -4.9109086388|1298.21607259 -652.485544624 631.872121982 -652.485544624 841.349315759 -594.732401653 631.872121982 -594.732401653 1224.87584011|
|342|4.70907606917e-05|314.999971798 -27.085032858 48.8902581235|675.184565002 83.4005187002 -144.589661012 83.4005187002 253.777582122 -85.2887139173 -144.589661012 -85.2887139173 463.404743768|
|343|0.00266123503265|420.845233537 33.3553925816 138.754643277|136.944465996 -496.398739909 -354.654172934 -496.398739909 3837.41726017 1507.71572166 -354.654172934 1507.71572166 1247.98047213|
|344|6.87479918446e-05|345.814907219 2.23466238592 -26.2892355499|1514.27768734 -1057.02812687 631.111348395 -1057.02812687 1043.40690729 -345.370415487 631.111348395 -345.370415487 487.753866438|
|345|0.00172764722335|415.56474684 -21.3225363254 -67.8446486668|100.194275249 319.369943522 268.951126318 319.369943522 1399.89745331 418.979523415 268.951126318 418.979523415 1989.1253093|
|346|0.00179537218573|270.099177456 246.448587969 -24.1619870944|140.877181083 96.1224005473 91.7441193493 96.1224005473 224.018565674 36.1855066023 91.7441193493 36.1855066023 354.868306298|
|347|1.52085852232e-05|320.583681606 0.433824547816 9.3660007441|452.134594067 94.5386355769 -21.5609812877 94.5386355769 637.425394132 -740.692048267 -21.5609812877 -740.692048267 1772.49925244|
|348|8.84743092625e-05|325.199806976 -13.5217969946 51.7294581991|451.282978301 513.452730928 -0.0518574886575 513.452730928 955.054432256 131.803623611 -0.0518574886575 131.803623611 227.634929728|
|349|1.16324828917e-05|328.464037618 -12.0607962137 27.9454499503|767.28764346 81.5600402438 -241.823928049 81.5600402438 533.446898593 -505.604372354 -241.823928049 -505.604372354 1283.71773874|
|350|0.00851526577921|333.293401575 268.432448866 -99.311295953|205.562878529 -106.92522716 2.75576696303 -106.92522716 349.772915616 -200.489916679 2.75576696303 -200.489916679 2377.87924857|
|351|0.000862897234582|324.18260354 37.9577250995 -19.1774213577|84.255158381 35.6531413951 103.27930862 35.6531413951 334.180521587 182.24906499 103.27930862 182.24906499 491.973891991|
|352|0.00422971191217|301.643650854 -129.104650418 -112.342284371|226.822115548 250.662789476 -87.7770359965 250.662789476 506.942433495 -302.793821261 -87.7770359965 -302.793821261 636.849315443|
|353|0.0040769301321|345.182158868 -239.377212686 -8.9950774879|336.357446028 347.49041113 17.1231832934 347.49041113 772.35953535 213.518682438 17.1231832934 213.518682438 1097.43592084|
|354|0.00409766387008|330.570506744 -301.845633293 -169.844660602|202.944629995 -62.7081258616 473.419431765 -62.7081258616 201.911368358 -348.090097804 473.419431765 -348.090097804 1994.91888413|
|355|0.00547424919044|241.01308092 -180.455359404 -100.545813685|409.432998139 -243.09646056 -636.949080246 -243.09646056 395.972879139 663.787873259 -636.949080246 663.787873259 2385.08754817|
|356|0.00137983196451|265.739816414 215.760576877 48.1305807893|99.512301879 175.2322215 -92.4653160301 175.2322215 670.550596355 -387.481573321 -92.4653160301 -387.481573321 728.2985586|
|357|0.000115270693418|350.106241542 -238.564171504 48.8006362854|324.447847223 311.108202176 293.750005953 311.108202176 568.033010074 329.40020404 293.750005953 329.40020404 661.75090434|
|358|0.00128261875981|324.737682821 120.84872732 40.6268430272|179.685583966 2.10994691858 135.427552576 2.10994691858 432.826525177 -576.563348261 135.427552576 -576.563348261 1839.77451646|
|359|0.00265074669697|410.261412982 155.925212857 67.5091948756|123.207283091 -314.671319782 -24.7984368461 -314.671319782 1378.96102171 -172.03485465 -24.7984368461 -172.03485465 515.666281012|
|360|0.00219896634294|285.103578017 244.309420766 89.2453759436|431.662483666 354.430662773 210.506541067 354.430662773 514.580249528 -28.5641601166 210.506541067 -28.5641601166 1976.7152891|
|361|0.00269786091174|213.572160985 -158.539740395 -12.8198535407|89.1573482684 -132.732937427 -106.407540032 -132.732937427 726.422336191 55.5757141991 -106.407540032 55.5757141991 1287.77163976|
|362|4.73243092723e-05|272.337497145 35.1039316244 -60.1717875222|218.836953852 -490.249713335 -205.207924519 -490.249713335 2989.03749413 549.380339749 -205.207924519 549.380339749 327.582138737|
|363|0.000599708138643|397.721360854 176.875735982 49.148660478|165.023096165 -292.469896327 -125.969438419 -292.469896327 1313.07623941 375.854915914 -125.969438419 375.854915914 566.025670383|
|364|8.4944025061e-05|409.282334344 -74.0789605804 12.7437864385|272.018595133 -153.844493606 376.41855608 -153.844493606 942.637493286 -252.984328384 376.41855608 -252.984328384 786.936569391|
|365|0.00714521035877|482.482319653 -23.923469995 137.306063328|1530.4147971 -2137.83869492 -403.511706725 -2137.83869492 3149.8472566 449.291423584 -403.511706725 449.291423584 853.50991079|
|366|0.00017460177151|265.093770702 -200.214739762 24.1700826477|67.6242486248 -90.0025422864 -135.83900347 -90.0025422864 413.592671693 578.475519357 -135.83900347 578.475519357 2508.79494034|
|367|0.00697481752821|275.201452999 249.052793301 168.077763456|221.954515737 167.220367476 -186.210867299 167.220367476 354.992938787 30.5793114697 -186.210867299 30.5793114697 1805.33369049|
|368|0.00232780171223|417.675973628 92.0960340086 14.8205321452|502.761941308 -1258.73317665 61.0075133908 -1258.73317665 3852.86468777 -6.82111030967 61.0075133908 -6.82111030967 933.058928082|
|369|0.000422938062888|297.515478967 -8.47841049927 21.2403334474|237.825667634 184.733061012 18.0904728361 184.733061012 289.203338791 -117.373924871 18.0904728361 -117.373924871 857.557043459|
|370|0.000408398511788|271.602046907 -45.1168097139 53.6195533146|256.452710484 96.5832561297 112.904027833 96.5832561297 646.911822869 356.143636938 112.904027833 356.143636938 607.145766132|
|371|0.00027398164866|411.46038419 -100.929887753 27.9712172618|318.306121105 409.951590356 113.938978521 409.951590356 1762.68637147 -387.909514745 113.938978521 -387.909514745 938.545914738|
|372|0.00140486189646|332.963084118 117.06701556 44.7736003118|302.365628902 -29.3908532539 279.970278223 -29.3908532539 133.064887703 -267.885538003 279.970278223 -267.885538003 1802.17756472|
|373|0.000325421732005|364.379809488 241.120623713 12.6207253872|342.141973316 -294.960368067 236.445481797 -294.960368067 401.029749633 -38.7905677349 236.445481797 -38.7905677349 817.656226348|
|374|0.00118246632702|346.020857429 116.619817604 49.3216226568|396.07505817 82.1353905707 33.3504183327 82.1353905707 185.626932581 -327.326473074 33.3504183327 -327.326473074 1382.04295526|
|375|0.000530162186172|384.077224219 -34.5571044005 -32.1781359782|110.50848851 -196.086958114 127.253778608 -196.086958114 767.943017419 -107.853696108 127.253778608 -107.853696108 274.812601428|
|376|0.00245498252631|378.036794782 -27.0055350633 54.0456623028|187.790137508 -466.881620235 -92.0484875159 -466.881620235 1775.23670997 210.411013709 -92.0484875159 210.411013709 411.911449278|
|377|4.69676352641e-05|325.576723084 28.4453722882 -15.6957139566|345.466514595 66.4995229176 602.97551431 66.4995229176 156.105639875 190.187412243 602.97551431 190.187412243 1679.19825173|
|378|0.00108190433812|278.673721635 -40.7986173739 -65.7734318621|185.675474799 -179.346956139 -116.465352604 -179.346956139 783.560223505 21.0691572459 -116.465352604 21.0691572459 186.405271803|
|379|0.0031287683731|354.055198672 -28.2268435531 -58.3574014222|114.877386795 18.7362204668 195.297133063 18.7362204668 116.991408167 205.888850973 195.297133063 205.888850973 1970.55779079|
|380|0.00118856529899|310.63264631 -71.2626416249 -63.7125165057|41.6132153811 -5.28391019099 95.4267186425 -5.28391019099 296.598203314 -20.5976969042 95.4267186425 -20.5976969042 583.87462653|
|381|2.5084105159e-06|309.140457763 -136.417497699 4.6103706371|2266.40127529 94.2401243353 308.316128029 94.2401243353 518.405330082 -782.612308337 308.316128029 -782.612308337 1554.95082108|
|382|0.00444728972035|246.863654451 -161.313407406 -145.156527237|280.142446609 -168.612796775 -419.143829222 -168.612796775 183.165301392 395.574391148 -419.143829222 395.574391148 2756.45688159|
|383|0.00139065920864|412.094904705 -100.714359116 95.8396448865|119.870208191 204.15221648 56.3768616133 204.15221648 1496.36562979 356.178517997 56.3768616133 356.178517997 207.406957599|
|384|0.000150440564378|378.923805757 -17.8499428795 21.1021525137|523.187331692 -735.804695047 259.643830682 -735.804695047 1316.48508718 -385.963286257 259.643830682 -385.963286257 970.644576406|
|385|0.0052846827916|321.043689918 57.8283277931 -195.698659763|449.029757758 -45.585506217 -167.010435402 -45.585506217 94.3981278098 24.0695424665 -167.010435402 24.0695424665 1360.2640487|
|386|0.000328793742667|315.726231397 -94.1573009186 -65.5454744202|65.3660209004 184.408234518 107.593486563 184.408234518 1465.32387851 352.66860076 107.593486563 352.66860076 428.357126909|
|387|1.37089384296e-05|341.115675225 -2.71783258803 -1.2430365315|1342.06142657 -709.61727314 671.185243137 -709.61727314 817.197059781 -764.201943538 671.185243137 -764.201943538 1449.78145661|
|388|0.00180902343278|353.693907866 31.8323174141 32.4131746447|257.620692806 -243.741230741 -93.8373895511 -243.741230741 350.143862301 147.386855726 -93.8373895511 147.386855726 1152.30087668|
|389|0.000290785768349|399.872106032 -33.4095239523 -1.3987493041|241.511823901 -63.6105793467 277.96742957 -63.6105793467 138.482880334 -54.9863200596 277.96742957 -54.9863200596 553.372708934|
|390|0.0012467700395|323.712082344 54.8445236786 -86.432745469|135.985724065 -450.151304226 377.635052247 -450.151304226 2221.98028051 -1607.48949774 377.635052247 -1607.48949774 1377.03502221|
|391|0.00752395336933|309.361206442 274.025593905 -204.40412028|379.413905693 216.118641935 493.001994395 216.118641935 357.68232665 264.472790693 493.001994395 264.472790693 1573.52870089|
|392|0.00076585051614|354.837556711 237.660705253 26.4659821173|277.494264245 -60.1533556687 356.218522866 -60.1533556687 296.021319192 -193.61960657 356.218522866 -193.61960657 1497.66165345|
|393|0.00890096657127|411.362151118 300.817871571 119.204609261|348.881637125 -225.090546837 102.817162534 -225.090546837 336.466484574 -81.1185164475 102.817162534 -81.1185164475 1382.3107884|
|394|0.00173195890088|385.807332743 -34.6738901413 13.354578447|154.776152675 -183.458876116 302.150205131 -183.458876116 625.350435619 -810.13224465 302.150205131 -810.13224465 1417.61969545|
|395|2.0254688402e-05|318.997222545 17.9836028099 -30.1603043597|576.680278176 -89.1577564766 390.126315826 -89.1577564766 443.328288916 -440.130528879 390.126315826 -440.130528879 1402.3859141|
|396|2.93580622292e-05|357.104036954 -15.560761522 -1.150058292|1750.98095052 -998.255890724 1017.54751488 -998.255890724 815.541554894 -813.147758351 1017.54751488 -813.147758351 1298.45363128|
|397|0.0029866983352|224.911621816 208.925769585 63.3602736628|279.663572744 152.595061915 -196.23568203 152.595061915 156.626306396 -106.340675138 -196.23568203 -106.340675138 1003.83934115|
|398|1.89962086391e-05|315.414252636 -10.8171274593 41.5001792462|357.796143702 243.962490344 89.293934092 243.962490344 588.378688497 -147.421810125 89.293934092 -147.421810125 467.029140879|
|399|0.000183963842781|391.151270827 104.861461418 37.2492787827|49.6898276811 181.017842218 50.7539161072 181.017842218 3873.85151409 1154.72709558 50.7539161072 1154.72709558 683.791158243|
|400|0.000607549057271|437.733469654 21.9932508972 -7.4313906744|182.836460804 -160.866810565 -21.4530827098 -160.866810565 2341.43019183 -1826.62591771 -21.4530827098 -1826.62591771 2035.83399837|
|401|0.00278032470655|349.22473623 185.503132863 232.935724606|754.088938501 -344.012064782 68.3705484666 -344.012064782 283.600571832 -151.808032095 68.3705484666 -151.808032095 307.868786441|
|402|3.13190062766e-05|418.166748076 5.75168273124 26.5012485408|172.790465797 -277.640134411 192.690852555 -277.640134411 3991.63981273 -488.773655936 192.690852555 -488.773655936 506.0884326|
|403|0.00254436896567|237.008795812 47.5441956901 -45.5666458593|164.51815757 721.68432291 -130.870031105 721.68432291 5068.25491291 -1003.9235209 -130.870031105 -1003.9235209 366.333469129|
|404|0.00117802528211|342.583377848 296.896595319 -29.6162074608|119.191550167 112.155150438 200.662578481 112.155150438 190.462112853 149.622480288 200.662578481 149.622480288 965.259444947|
|405|4.00014900759e-05|334.621277891 14.3768907592 -26.4340653279|1189.28349146 -775.979138753 535.463639714 -775.979138753 899.18843266 -195.863499901 535.463639714 -195.863499901 489.715995895|
|406|0.00255266020151|261.242869582 -126.567583547 9.5440215913|336.341233693 525.314003555 341.770813223 525.314003555 918.551141815 722.606445991 341.770813223 722.606445991 1335.31424865|
|407|0.000170898421396|286.362226065 -31.2154515051 47.3878674353|519.226766925 385.168590959 30.8872456456 385.168590959 556.349746016 -56.5199227766 30.8872456456 -56.5199227766 538.555773001|
|408|0.000278909816587|329.571452327 23.7429589437 -28.1542629897|954.943365888 -763.888619322 302.315673978 -763.888619322 1021.88080388 -67.4591833672 302.315673978 -67.4591833672 311.521928411|
|409|4.61792264073e-06|373.776423629 1.97515015663 20.7725965968|1713.67064738 340.199450263 -460.150673989 340.199450263 814.437297201 -60.2416743761 -460.150673989 -60.2416743761 480.907875419|
|410|0.00119417706271|254.733125222 122.303412635 -55.7867915755|103.024208545 302.457048981 -150.930186652 302.457048981 1996.93002236 -926.376282199 -150.930186652 -926.376282199 577.510794117|
|411|0.000959081316373|323.183283228 -52.316837213 13.0495083944|53.6707478409 -9.76628207338 -21.1728546496 -9.76628207338 189.869276375 130.327564199 -21.1728546496 130.327564199 276.155660452|
|412|0.000666790648549|410.258803851 81.2486779496 75.9217148574|153.9717295 -736.557347781 17.3644203377 -736.557347781 4934.66441644 -305.937914168 17.3644203377 -305.937914168 558.109811235|
|413|2.25327167256e-05|311.73326155 -14.7638369317 41.4448907398|412.839514981 203.220428542 -129.05376872 203.220428542 615.661807938 -564.574267043 -129.05376872 -564.574267043 1185.75380698|
|414|0.000225054492559|392.27997252 124.180631375 44.6896119115|59.375488626 -48.7230858132 41.9906243917 -48.7230858132 1888.64574928 432.823009037 41.9906243917 432.823009037 597.249332319|
|415|2.27725415068e-05|317.36871724 -11.5350672545 21.5271015338|413.74699043 55.0479739029 -162.772989599 55.0479739029 612.380831964 -856.635239402 -162.772989599 -856.635239402 1959.39229702|
|416|0.00045858560704|425.2907382 6.93740299619 39.7970436974|65.2512259417 -157.359932726 41.8144834459 -157.359932726 2079.17482312 -494.801538331 41.8144834459 -494.801538331 951.31921447|
|417|0.00043041584931|430.400474255 -49.2753002866 -33.5936979873|60.0926560092 167.729615014 92.7952379492 167.729615014 1540.2929654 -375.483819425 92.7952379492 -375.483819425 1803.09239262|
|418|0.00176658893792|427.14226295 -39.2529336797 87.9246265707|104.766946089 34.3688965431 -58.3473325512 34.3688965431 1766.14272043 121.902331452 -58.3473325512 121.902331452 345.950022161|
|419|0.00158342269095|308.813301591 235.928923768 32.0096265565|289.115955634 21.5744447542 90.7435478183 21.5744447542 53.4621657338 -70.6672741162 90.7435478183 -70.6672741162 716.698493331|
|420|0.00599018690931|400.549495937 132.384608407 168.151331596|124.174720851 85.3531359163 -67.3468590236 85.3531359163 576.994209481 329.648499548 -67.3468590236 329.648499548 1182.84374931|
|421|0.00406689581804|271.121739743 211.950582587 -132.663971406|178.729633392 -83.776317373 292.612352991 -83.776317373 272.081895583 -84.9300753305 292.612352991 -84.9300753305 1078.04367197|
|422|2.03639798152e-05|322.362533318 5.64096252577 -9.3255544392|563.889636928 -165.449692171 263.111337235 -165.449692171 634.809277148 -804.311889784 263.111337235 -804.311889784 1831.57916508|
|423|0.000225614229489|321.303931826 25.5778857234 -66.1992404503|102.37102503 -325.22962729 231.666850541 -325.22962729 2235.36655737 -1226.7002881 231.666850541 -1226.7002881 916.259121322|
|424|0.00292363690116|265.224922095 201.742853245 127.067298785|487.190260447 464.324124901 720.841214146 464.324124901 664.241391724 711.336344361 720.841214146 711.336344361 2379.43508387|
|425|0.000204008001677|421.739838979 -68.0658515547 44.3822638472|191.737109044 220.322184196 14.8011311473 220.322184196 2344.53036488 -628.324813314 14.8011311473 -628.324813314 585.57981372|
|426|0.000545300689748|289.281181645 -13.7533287311 14.6261477569|254.682651611 208.809122556 -87.8260967706 208.809122556 257.346258723 -74.9796508211 -87.8260967706 -74.9796508211 626.475005813|
|427|0.00543599301098|253.12689698 188.176620394 200.740877064|673.480205915 322.453630826 574.753447825 322.453630826 332.720803652 372.463162203 574.753447825 372.463162203 978.382983252|
|428|0.00341577252864|212.021962169 188.86778716 -45.5858263797|76.94710137 37.8580502194 328.388545569 37.8580502194 223.310717742 -79.5360748632 328.388545569 -79.5360748632 4441.61579214|
|429|0.00478947036328|269.90373363 200.593263463 -24.6357890392|128.428785216 -68.1954640381 -135.930488852 -68.1954640381 258.966205276 -95.5415978571 -135.930488852 -95.5415978571 1406.14311228|
|430|0.00728691894434|366.739351568 -24.6043117941 88.8349568027|639.805682723 182.83301758 1319.52438565 182.83301758 173.507620248 494.508941398 1319.52438565 494.508941398 4329.32939959|
|431|0.00850724730743|445.817696245 -144.094890538 174.490699956|1354.95330187 914.000009933 -354.799094845 914.000009933 1051.35537355 285.536072301 -354.799094845 285.536072301 1153.68546035|
|432|0.00618196882796|309.06184191 246.404667425 167.220805753|179.185492984 228.445198074 -279.046011264 228.445198074 744.654991032 -554.291911492 -279.046011264 -554.291911492 1987.56099954|
|433|0.000119447303573|439.881852207 -273.600142851 206.349472694|22.3517705111 5.53387218589 -60.319289353 5.53387218589 29.6795143635 -53.3164534296 -60.319289353 -53.3164534296 333.023459893|
|434|0.000640873544568|259.186226462 -65.4931687149 36.6567338799|296.789946494 32.4469427865 -32.1682904991 32.4469427865 296.58955437 37.2159164989 -32.1682904991 37.2159164989 186.002764873|
|435|5.43903981723e-06|303.16249654 32.6262392284 -35.8147917855|887.490712429 -335.216956133 365.581536705 -335.216956133 523.600431313 6.53184651744 365.581536705 6.53184651744 904.598263761|
|436|0.001118884922|478.381725188 301.942929221 123.392086043|64.2443479381 5.58852348448 -25.7647250431 5.58852348448 34.0953900197 -95.0953050178 -25.7647250431 -95.0953050178 838.245313439|
|437|0.0021730963745|268.853800818 -220.660768238 -26.9096510644|36.3912107547 -11.3789068864 -27.444994306 -11.3789068864 706.995911954 151.285535352 -27.444994306 151.285535352 1011.6002802|
|438|0.000888337712079|334.003229519 51.3820091861 39.2714932764|49.8279875245 159.46841347 40.5741338724 159.46841347 2282.59973183 -465.392207107 40.5741338724 -465.392207107 399.78019345|
|439|0.00108059491356|268.883677447 -12.9856585649 94.1562238187|175.817190557 29.7555342685 115.61994627 29.7555342685 555.725719457 -176.883026374 115.61994627 -176.883026374 510.244533708|
|440|0.000508466545811|323.414749683 -145.690001864 27.1153278573|337.57761702 113.399027308 -257.682646862 113.399027308 347.964509851 -447.682358815 -257.682646862 -447.682358815 1206.92142062|
|441|0.00470331236332|343.170211466 -262.969374212 60.3566716412|108.774341659 93.3185678726 -14.5174901864 93.3185678726 619.147643027 15.4286459603 -14.5174901864 15.4286459603 1032.180023|
|442|0.000366174263818|257.023640604 -19.2990409601 72.7362094249|222.139316139 254.668728191 196.226180825 254.668728191 1079.74596756 84.2864171809 196.226180825 84.2864171809 513.136059064|
|443|0.000539798307496|253.834287919 -31.4358667589 66.9871566992|201.487660123 107.950342772 161.073371286 107.950342772 870.462509085 19.36995523 161.073371286 19.36995523 351.127179872|
|444|0.00092539411758|402.989131071 86.5100315799 11.0888961046|206.328811292 -442.439984635 -11.0095793855 -442.439984635 1573.07097727 -215.262529886 -11.0095793855 -215.262529886 1004.70755207|
|445|0.0015343379053|391.667738553 115.281717636 -49.2737163226|91.4725533073 -189.973762539 -205.560215149 -189.973762539 720.751150784 386.471357314 -205.560215149 386.471357314 970.748064669|
|446|0.00223031535922|356.6167163 -70.6450309288 233.79663619|691.239276341 -843.618880167 -279.368006388 -843.618880167 1198.18615629 342.173538877 -279.368006388 342.173538877 280.831286712|
|447|0.00184616781546|458.053872763 219.588063154 110.991275444|345.711496562 -171.134514455 326.604599274 -171.134514455 150.89818066 -199.149113977 326.604599274 -199.149113977 835.297147379|
|448|0.000859546994605|289.265136699 232.385548516 64.81322532|893.083579211 658.249577188 -177.723881454 658.249577188 635.351862693 -525.816864117 -177.723881454 -525.816864117 2120.69313113|
|449|4.7441907788e-06|327.988557177 18.1419821235 -16.6898367443|685.231623627 -35.6408745848 385.863573518 -35.6408745848 402.452120102 -150.623197723 385.863573518 -150.623197723 1177.00384534|
|450|8.37682960874e-05|368.270529071 -16.9958293625 -8.3441883396|1612.34326056 -995.324847983 1116.58425188 -995.324847983 840.688043368 -777.064495106 1116.58425188 -777.064495106 1068.34707229|
|451|0.00426250621805|334.634030848 156.90418656 -64.561510402|349.700515517 170.926989602 602.010804086 170.926989602 482.695683035 49.0295749721 602.010804086 49.0295749721 1480.49306223|
|452|0.00225903384073|432.675743957 -112.711073428 146.275149252|115.752624953 40.1180352612 -103.887791921 40.1180352612 246.246824026 -490.99883217 -103.887791921 -490.99883217 1378.56991387|
|453|0.000175405268294|275.805931135 48.6468909916 -49.1267151827|185.263289457 -137.330377833 -88.71255491 -137.330377833 1147.59825659 577.233525631 -88.71255491 577.233525631 532.778472067|
|454|0.00650948978209|280.234435194 -234.892268927 -254.178058005|635.051996922 -426.402931924 145.987579009 -426.402931924 772.818824376 -21.9446581102 145.987579009 -21.9446581102 276.688163663|
|455|0.00039384094513|386.041378094 40.796763866 21.9614178086|25.912346943 223.880718446 64.8483487459 223.880718446 6777.27082221 2414.96618382 64.8483487459 2414.96618382 1025.04600832|
|456|2.59899530294e-05|335.261493492 98.2599397353 30.4407779433|340.169563795 1024.38922132 145.352434007 1024.38922132 3644.10766065 172.256169139 145.352434007 172.256169139 440.59504491|
|457|0.00601722195047|368.912582235 6.6734627092 -209.33596965|924.29810406 -235.721971546 377.880609392 -235.721971546 433.791667526 69.0475356713 377.880609392 69.0475356713 618.137927426|
|458|0.00344039642634|248.535069663 100.284899906 -92.080507816|148.22804431 34.2953017179 175.520029246 34.2953017179 137.565268188 -20.7745281347 175.520029246 -20.7745281347 860.807235599|
|459|1.05229170449e-05|330.962985227 -5.94271670024 18.868631453|751.458216347 100.80765531 -164.55206344 100.80765531 618.909093017 -565.7064009 -164.55206344 -565.7064009 1362.98282666|
|460|0.00041662503034|378.126761029 209.657471444 58.3613042224|363.77241249 -425.848084639 -108.302623907 -425.848084639 982.317112442 136.867960768 -108.302623907 136.867960768 573.310364274|
|461|0.000233352728485|315.82738837 -28.1220486293 69.0292000262|113.217779581 -46.2771818851 50.337010812 -46.2771818851 414.015056712 -419.837665961 50.337010812 -419.837665961 952.024540146|
|462|0.000459567702193|363.798641737 216.782728335 31.2800163833|240.753856184 -85.4115476946 67.4902356983 -85.4115476946 371.965322662 -55.6092626595 67.4902356983 -55.6092626595 1169.13552815|
|463|0.00302240891436|247.212926676 -125.566342237 19.4030278648|286.248567562 477.940995963 86.8153536654 477.940995963 978.717332658 -48.5105494918 86.8153536654 -48.5105494918 1120.68925879|
|464|0.000304617460517|307.22657826 80.72432593 -100.43357824|36.8862121447 72.0295515845 33.7386912271 72.0295515845 1593.32899577 -100.047306905 33.7386912271 -100.047306905 335.970050768|
|465|0.000466653716125|418.782270655 54.6975508113 90.8089111057|113.913106792 -194.014338973 -292.788618954 -194.014338973 2010.80008795 -39.3695633964 -292.788618954 -39.3695633964 2194.7092278|
|466|0.00789207042167|337.894257207 -237.606198253 150.612193917|261.819321086 250.342506881 -258.477180696 250.342506881 671.544837634 51.7958296003 -258.477180696 51.7958296003 1258.3031318|
|467|0.00758086195209|412.466538712 -3.83392181009 -230.840136037|427.827838331 60.7541976312 299.15655389 60.7541976312 532.511590978 -110.815230911 299.15655389 -110.815230911 642.035227485|
|468|0.000207012077171|390.854915985 -40.0727274287 30.3431561126|445.093426666 -533.448009139 446.096955149 -533.448009139 968.128050482 -729.105332701 446.096955149 -729.105332701 1139.40970366|
|469|0.000131012997097|420.381563671 -64.1527031958 48.3594603868|186.67055092 241.557366397 38.0236200765 241.557366397 2347.75283561 -531.870186154 38.0236200765 -531.870186154 585.751552711|
|470|0.000405870333324|277.947265477 -36.6087960284 60.8324085138|270.962312276 76.7072265891 138.526245703 76.7072265891 561.173996614 277.068366168 138.526245703 277.068366168 596.491143401|
|471|0.000861827483805|388.908296669 -20.2388526336 212.892758315|578.477400864 390.216112856 -21.9042854649 390.216112856 549.094451134 -123.246702208 -21.9042854649 -123.246702208 460.797385342|
|472|7.73143670182e-05|344.8553321 -149.745853835 18.6959257595|503.911531851 2.99535150643 -224.313260888 2.99535150643 333.560608926 -324.349831489 -224.313260888 -324.349831489 638.671448038|
|473|0.000928994898544|314.544367804 19.5310137203 -51.2572918515|435.863301886 63.1578590468 220.637704692 63.1578590468 196.516694049 -46.1427397786 220.637704692 -46.1427397786 494.590010672|
|474|8.95289457781e-05|321.790611718 -27.577365775 42.5578919992|697.236646059 265.557352188 -197.361094748 265.557352188 378.723941573 -10.5159431131 -197.361094748 -10.5159431131 248.038090543|
|475|0.00932953077002|481.50223169 99.6182178242 5.3594428198|65.0330422145 141.591154574 49.0668220112 141.591154574 1533.68363263 -68.8758678151 49.0668220112 -68.8758678151 1013.29731622|
|476|0.00305055414191|400.815967135 -21.8809101364 -175.250851978|160.066340518 123.523469653 278.494568253 123.523469653 765.323601129 328.410280496 278.494568253 328.410280496 782.312049557|
|477|0.00100257406616|264.155612907 8.70390649158 -72.5808003091|233.621469537 -167.709990411 -170.667673858 -167.709990411 723.633075385 126.018672251 -170.667673858 126.018672251 285.258506566|
|478|0.0019071893627|303.580078569 -10.8600522577 102.977342618|164.901171906 -113.357115622 -72.4058237991 -113.357115622 238.394182949 -22.8667340879 -72.4058237991 -22.8667340879 456.477522141|
|479|0.000462230822423|292.547830639 15.7339452064 -5.8261374043|285.229205569 -238.125227051 -36.0651076348 -238.125227051 357.536804456 -195.984032526 -36.0651076348 -195.984032526 1138.74530471|
|480|0.00331045176075|368.186310308 -231.409699768 -68.1464276844|144.695179215 252.450551209 51.4535270638 252.450551209 1114.38558805 -16.3516250568 51.4535270638 -16.3516250568 287.444234543|
|481|0.000485483961908|289.196240457 -28.129100316 -90.745478289|115.155518332 -318.14879771 30.6117013291 -318.14879771 1058.28166282 -117.3998285 30.6117013291 -117.3998285 171.286879657|
|482|0.000317355377856|305.575274966 -34.8625450968 46.2747434665|628.44491919 840.158164678 202.930404515 840.158164678 1473.60722676 231.000074168 202.930404515 231.000074168 229.788913839|
|483|2.51798589117e-05|311.130695801 -7.06170599966 29.9726861896|359.021937291 389.682582776 277.926585194 389.682582776 875.670637158 29.9808986238 277.926585194 29.9808986238 608.597585277|
|484|0.0010493208453|364.916029035 220.367897135 55.3808033052|541.147336491 -628.970305916 -205.997333691 -628.970305916 1235.84163754 331.447616266 -205.997333691 331.447616266 713.793100552|
|485|0.00154525696322|330.38517699 240.664706359 83.6229824747|1264.90373976 -79.3996586569 164.070012073 -79.3996586569 98.7651587586 80.1861693149 164.070012073 80.1861693149 351.007504865|
|486|0.00137815196513|339.408710192 283.797820193 18.2835174593|140.407462398 103.498456294 25.4278202642 103.498456294 519.782455561 -97.5867049976 25.4278202642 -97.5867049976 1036.30529108|
|487|1.73373623022e-05|417.778903936 -65.590058758 33.4496603169|271.21711617 60.374635906 219.553455785 60.374635906 1716.16098225 -342.371459046 219.553455785 -342.371459046 607.188365478|
|488|0.00312412145831|387.963500138 5.61161787747 189.158496882|586.733098754 311.10263093 178.136036028 311.10263093 309.477472078 262.853449059 178.136036028 262.853449059 723.629660773|
|489|0.00465198624553|373.192490161 32.7648305654 -103.587492633|93.4002236942 -1.87238023776 58.8579000325 -1.87238023776 244.532113563 -319.228372718 58.8579000325 -319.228372718 2146.30631809|
|490|1.95229526807e-06|387.345269554 161.600818941 45.2953765775|347.422994476 -451.74651446 89.1775270777 -451.74651446 4435.59187996 524.115168013 89.1775270777 524.115168013 367.745886049|
|491|0.00111313816403|232.493028819 -181.969732887 -26.1948460002|329.386479636 -169.319741918 -508.409278029 -169.319741918 406.73248219 -51.119623572 -508.409278029 -51.119623572 1322.87638637|
|492|0.005712729556|349.085055194 220.371904936 -53.1212364196|300.172439076 -146.404454527 -181.599240727 -146.404454527 308.554977898 -223.449102831 -181.599240727 -223.449102831 1468.52004606|
|493|0.00400074502876|285.125793978 -47.8279996515 -107.160815945|321.473854611 -264.262687116 -393.519211153 -264.262687116 374.206449071 141.575048017 -393.519211153 141.575048017 1411.75203101|
|494|0.000123386799026|411.156980492 -125.093994056 38.2471323002|351.107289652 158.585054721 265.7054099 158.585054721 1211.12006892 -589.359948284 265.7054099 -589.359948284 838.417515546|
|495|0.000132875730283|394.967879809 -47.2518851749 31.7292604998|310.156645174 -350.63552103 351.753861579 -350.63552103 711.826548214 -566.0094052 351.753861579 -566.0094052 1077.17133093|
|496|0.000311314888644|291.796061224 240.288627857 179.190851817|163.98470724 246.197098832 108.367507782 246.197098832 446.810138212 149.032110284 108.367507782 149.032110284 1434.42036387|
|497|0.00277865521581|300.244056213 9.6957574199 -109.562283906|215.748968202 172.068217009 72.0321489223 172.068217009 227.633230776 -98.2946247562 72.0321489223 -98.2946247562 1143.08928402|
|498|5.26198017735e-05|391.394522153 68.7469593003 26.8472838076|68.3482187274 279.523433459 60.2536705588 279.523433459 6637.15123497 2150.32911004 60.2536705588 2150.32911004 894.712800119|
|499|0.000121795821619|297.331269106 11.0283488073 1.5555841901|288.701443045 -268.062389296 92.2528281179 -268.062389296 509.243422506 -581.506081103 92.2528281179 -581.506081103 1902.55650108|
