#|num|weight|mean|covariance matrix|
|0|0.00193607915406|377.242346283 8.54303461357 -205.893411321|1084.7477485 -155.86878743 754.64779475 -155.86878743 184.012990074 -111.045207241 754.64779475 -111.045207241 664.891101454|
|1|0.00662102995509|374.243517704 -22.5479910238 232.124526522|254.768396651 51.5591786502 52.4935884059 51.5591786502 180.036549849 43.5477196636 52.4935884059 43.5477196636 86.2324313378|
|2|0.00208855365369|367.805715362 266.501821707 212.995372212|74.6080091106 -5.55918432454 -39.2748475541 -5.55918432454 94.1688671991 -52.4566369097 -39.2748475541 -52.4566369097 80.7418157783|
|3|0.00181242453546|272.506654998 -235.687812023 -210.838591983|300.009800099 -247.104571097 27.5156010695 -247.104571097 386.100347704 42.6516621528 27.5156010695 42.6516621528 564.040644434|
|4|0.00339147422858|427.911044803 -9.56850297854 218.198285056|107.592655299 -86.6421207186 -27.3905137598 -86.6421207186 393.893577927 -224.37036649 -27.3905137598 -224.37036649 266.625732647|
|5|0.00657986048532|308.209012473 233.424144023 205.773169906|61.3793376866 39.9031735068 -68.300845523 39.9031735068 505.170979346 44.397766256 -68.300845523 44.397766256 196.596111538|
|6|0.00156166081005|419.657776479 47.6229538332 142.938832703|224.748671995 -368.304263127 -204.530175397 -368.304263127 725.996155443 345.661360445 -204.530175397 345.661360445 212.775249141|
|7|0.00920494379549|445.126882685 4.48865065437 -187.876516861|171.3141624 3.43446639903 286.570149442 3.43446639903 137.45216496 27.5319498928 286.570149442 27.5319498928 732.765740373|
|8|0.00581046366876|418.20418947 -6.58829070415 242.061516732|190.103326818 -48.0306589035 36.4965301242 -48.0306589035 273.898244748 -76.8266665648 36.4965301242 -76.8266665648 67.1521269628|
|9|0.00541798616739|380.364250269 -126.28134535 239.402265688|153.406015692 26.1899996575 -135.002597288 26.1899996575 85.339765602 -33.1381668557 -135.002597288 -33.1381668557 232.877986843|
|10|0.00777646405175|309.487743753 19.1352420818 -195.802293531|91.2169228495 -46.798988355 24.6799860911 -46.798988355 225.712314063 141.404967938 24.6799860911 141.404967938 335.775313108|
|11|0.00326751436544|415.456493393 206.051846546 185.366709047|58.5861897187 40.2324928095 -3.14303708294 40.2324928095 228.72758057 -136.087771081 -3.14303708294 -136.087771081 161.547821994|
|12|0.00131708330452|271.774295126 -230.068071581 -206.039955452|299.773401322 -236.632667831 24.0771875447 -236.632667831 376.0761836 20.4776383418 24.0771875447 20.4776383418 590.415797049|
|13|0.000218856283626|382.006249433 -22.9645558003 203.287882|553.018886647 332.706769755 33.8479477897 332.706769755 384.316822412 12.7746439596 33.8479477897 12.7746439596 152.840663631|
|14|0.0104084442867|275.057918176 -271.585582602 -203.825516596|750.446310595 -735.997028202 542.390817273 -735.997028202 737.541939101 -534.369692906 542.390817273 -534.369692906 1000.53773499|
|15|0.00720372270277|240.24836761 200.470215544 166.082636234|215.282662695 257.36838051 -86.8047868955 257.36838051 407.05362625 -102.591971816 -86.8047868955 -102.591971816 169.842594206|
|16|0.00511787944081|410.239741343 -35.1974449905 -164.283865751|243.915680281 227.970361214 324.482929829 227.970361214 570.917383495 299.535218111 324.482929829 299.535218111 468.279173284|
|17|0.00259160626527|430.648826422 13.4043638708 167.060259783|142.312139441 -92.3478402047 -169.494999352 -92.3478402047 238.508753289 93.9654612521 -169.494999352 93.9654612521 347.230486137|
|18|0.00475500611297|270.537169041 -188.377944357 -167.099952538|499.127866978 -307.805495416 -259.535934781 -307.805495416 293.651637832 157.665289762 -259.535934781 157.665289762 173.867371654|
|19|0.00624042272771|424.295985869 -22.30049062 184.40546075|430.888117458 158.50562265 -316.79495613 158.50562265 89.226680498 -59.9966253426 -316.79495613 -59.9966253426 727.567139672|
|20|0.00129818345705|406.584930089 1.07852778832 -158.829916397|456.190415861 -122.917940593 352.763488009 -122.917940593 148.378505716 -27.0195725247 352.763488009 -27.0195725247 331.246195921|
|21|0.00138109313371|401.393921984 86.8528357072 182.584910903|34.5952823009 -9.61998229039 -15.2362522405 -9.61998229039 2264.12921212 276.624369975 -15.2362522405 276.624369975 68.1240021164|
|22|0.00487305117872|395.118982518 275.065600629 191.677560254|237.560108724 46.9110563258 -379.293256146 46.9110563258 128.851718674 -205.102394448 -379.293256146 -205.102394448 830.544325966|
|23|0.00200047099936|341.966640816 319.602180253 169.628478461|109.14318416 21.1488756112 -99.9187701591 21.1488756112 45.5209190596 -43.9178545424 -99.9187701591 -43.9178545424 172.775939685|
|24|0.00228277515621|427.500579939 34.9995230243 154.182820531|147.753818466 -240.388755335 -100.587952869 -240.388755335 531.342025853 197.617626884 -100.587952869 197.617626884 179.312395948|
|25|0.00220383616814|363.245462795 -9.69152190078 -192.590370944|485.563358613 -127.643225226 111.61505607 -127.643225226 89.5215065927 -11.1378246984 111.61505607 -11.1378246984 70.7633532301|
|26|0.00846415601671|416.113826308 -145.345300418 213.966624058|659.081580062 22.9442035302 -395.066975219 22.9442035302 66.5724076762 -1.60953290168 -395.066975219 -1.60953290168 329.046679628|
|27|0.00455481152794|390.254782358 2.45891925438 -231.17005312|195.315762932 -85.669986561 24.7545981154 -85.669986561 378.858311468 -221.67966004 24.7545981154 -221.67966004 224.343449035|
|28|0.000466450682859|408.898990683 -9.07262434871 178.948436236|394.742450061 128.993041893 2.17154068036 128.993041893 223.317822966 154.046380388 2.17154068036 154.046380388 400.070686917|
|29|0.00159789676487|378.860200678 20.7354228481 -200.502191916|1112.97678492 -240.759650193 774.995918864 -240.759650193 213.98130666 -141.870511361 774.995918864 -141.870511361 786.753882304|
|30|0.002619466352|347.872217357 27.49482288 -166.504999827|317.181969936 35.7488434475 305.727960549 35.7488434475 53.8449076034 57.1562069117 305.727960549 57.1562069117 687.185921381|
|31|0.00159507459599|378.189483914 13.4219517743 214.940715662|229.640414699 208.714555831 -180.641446575 208.714555831 227.165156372 -162.243580003 -180.641446575 -162.243580003 209.468935635|
|32|0.00422270187586|344.358762295 -35.262751953 181.76708476|642.471330125 -66.6473320699 -27.9675755821 -66.6473320699 58.9964984096 9.8019283897 -27.9675755821 9.8019283897 218.829055438|
|33|0.00354919432452|293.938208539 265.00528677 192.222202893|180.29797775 182.055196086 79.4449949445 182.055196086 360.70932818 215.156404985 79.4449949445 215.156404985 555.745543557|
|34|0.00154336597435|273.178919247 228.711690131 161.995185388|99.5850228945 10.1200848172 1.57456544236 10.1200848172 100.834617997 -104.780976257 1.57456544236 -104.780976257 229.930731412|
|35|0.00391007559931|431.813442965 243.641959237 131.408331564|132.612137029 -260.589526349 -98.3349359732 -260.589526349 609.549204844 205.945008706 -98.3349359732 205.945008706 149.471063941|
|36|0.00689927710923|275.582321724 210.359477183 149.964877777|213.9397651 49.8976733231 -29.073437351 49.8976733231 367.383737981 -176.792956413 -29.073437351 -176.792956413 151.420126527|
|37|0.00425937329256|413.610070011 135.019538569 165.5812124|52.0319207913 21.6093488097 -32.2148893024 21.6093488097 191.420785515 18.3921935108 -32.2148893024 18.3921935108 202.891818864|
|38|0.00290065922572|400.156600696 -21.7601590657 178.681486979|452.657013366 216.089198391 -74.2240152734 216.089198391 306.680472297 67.2953463237 -74.2240152734 67.2953463237 404.517073968|
|39|0.00284344666831|410.055680811 -115.270948312 230.077393522|223.364356605 -55.9592138099 -15.0650979789 -55.9592138099 47.2590367905 -11.0096548776 -15.0650979789 -11.0096548776 81.9428614188|
|40|0.00438382407932|306.458034502 -259.688359627 -160.166848751|118.48415919 -207.130064539 104.271896592 -207.130064539 779.500118674 -408.751521383 104.271896592 -408.751521383 276.96873405|
|41|0.000943709979261|381.860515014 11.2988428589 -186.003030509|1002.31361151 -100.838927785 589.146667776 -100.838927785 202.214229201 39.8097515417 589.146667776 39.8097515417 474.869853605|
|42|0.000752732104311|409.843273962 58.9957320916 165.20387782|95.0532135656 -234.958170852 -68.4033986665 -234.958170852 1154.96627904 156.44685364 -68.4033986665 156.44685364 113.470615692|
|43|0.015626694622|305.501243479 -53.0020315931 180.485677881|451.107125793 -143.211502171 92.0903031925 -143.211502171 211.505867509 -35.3828943673 92.0903031925 -35.3828943673 161.231782468|
|44|0.00859139293888|303.216175999 -269.094980574 -204.759779705|160.19378004 -143.674417089 287.005440932 -143.674417089 348.267429511 -561.080692134 287.005440932 -561.080692134 1237.95511511|
|45|0.00674286357352|435.781831421 -39.8465034627 -183.591306048|166.70311093 202.964628813 85.3066806654 202.964628813 401.947186868 -48.7999732916 85.3066806654 -48.7999732916 326.132976838|
|46|0.00444629928536|322.729766418 271.284592971 160.70684711|32.9924387231 31.2803139402 -37.2614002648 31.2803139402 420.66895004 -268.68815236 -37.2614002648 -268.68815236 383.042339347|
|47|0.00190858625186|263.23707832 -218.866493155 -197.539241682|251.348306438 -150.478697236 17.8022211411 -150.478697236 237.869771127 -53.5553619077 17.8022211411 -53.5553619077 474.545312686|
|48|0.0164977904762|503.743154948 -67.6939810871 141.153392373|128.429705461 -94.8093378024 5.05407015452 -94.8093378024 548.755752636 -133.035258135 5.05407015452 -133.035258135 279.732494869|
|49|0.00804927706207|479.86829441 -89.9196207786 182.382743793|296.445411623 393.16839376 -217.085795579 393.16839376 786.378828639 -322.149249414 -217.085795579 -322.149249414 231.73775268|
|50|0.000715393427639|281.557894189 -244.436468172 -205.970373323|406.489329001 -415.918985851 298.574717381 -415.918985851 631.057067764 -318.520253976 298.574717381 -318.520253976 649.434533422|
|51|0.00295968864246|368.388809291 163.902744384 246.111016577|135.630297593 0.63203148478 -107.431362454 0.63203148478 42.431951725 -5.98453712903 -107.431362454 -5.98453712903 188.374991807|
|52|0.00996846728073|306.249268075 41.0246385996 -157.158282974|383.199158104 -77.4865255809 -47.9560318119 -77.4865255809 180.504481019 -18.4537892956 -47.9560318119 -18.4537892956 74.6567119507|
|53|0.00172344440476|423.111011063 19.5848905671 162.033583458|90.3490233848 -56.0153523885 -80.7320862718 -56.0153523885 276.033564292 50.1202635712 -80.7320862718 50.1202635712 192.800656865|
|54|0.00237384380096|267.596072458 -228.233599562 -211.058470728|292.323733931 -227.408500056 -85.3724708376 -227.408500056 364.619622684 163.422344844 -85.3724708376 163.422344844 531.934213363|
|55|0.00575556389838|423.233280996 298.696990314 151.384389163|476.814233734 -109.179953248 48.3563487048 -109.179953248 68.9665412335 -34.8023050695 48.3563487048 -34.8023050695 148.1678947|
|56|0.00134761816069|396.782592748 46.2974115787 183.056901887|149.064787648 472.439790413 -143.692034021 472.439790413 1656.19534716 -447.598255231 -143.692034021 -447.598255231 185.512699351|
|57|0.00364326092942|380.557205079 189.106081738 208.410163534|238.998536576 128.974951551 -253.21969738 128.974951551 187.147399652 -171.671210722 -253.21969738 -171.671210722 319.928292583|
|58|0.00293216397852|356.527747085 33.2357210115 -225.612700411|567.042825909 -78.3840426575 284.671605314 -78.3840426575 112.032075562 -32.1246620981 284.671605314 -32.1246620981 362.308958719|
|59|0.00173564613887|390.122786571 9.48421983342 -187.536644186|1059.71172445 -104.226034908 685.703453633 -104.226034908 184.556309939 20.5021106407 685.703453633 20.5021106407 612.294250249|
|60|0.00112752589394|337.093813836 18.1997896624 -207.475347641|326.593494375 -19.6824329711 194.987471959 -19.6824329711 142.211429031 43.0890497736 194.987471959 43.0890497736 338.087893346|
|61|0.00250855490891|460.319628127 -11.9585067854 172.591211174|203.918258012 -46.8369068236 -149.951804504 -46.8369068236 46.5956362715 35.3074671901 -149.951804504 35.3074671901 187.845798728|
|62|0.00873188546619|253.867035684 168.383044615 177.098677567|384.308915053 57.248578208 42.163244489 57.248578208 67.3980624575 4.1606429423 42.163244489 4.1606429423 154.72942794|
|63|0.00873103994376|447.114991493 -16.3091449134 -142.41137268|137.231980482 95.3143750271 90.3083995688 95.3143750271 238.800856059 116.657281098 90.3083995688 116.657281098 290.108706143|
|64|0.0034190308491|335.627051983 -13.6855983044 -208.720869334|515.929856537 -195.717685364 94.4713521176 -195.717685364 99.409511254 -35.0598788741 94.4713521176 -35.0598788741 104.570390522|
|65|0.00498791096358|416.249157046 245.197453454 178.676857526|188.466934926 259.14690646 -286.400840659 259.14690646 512.902817099 -438.175474138 -286.400840659 -438.175474138 570.025769135|
|66|0.00841734681473|400.202234476 -75.7249535833 -189.895081387|137.95719551 99.0399858995 78.6117477253 99.0399858995 514.10476967 -89.0542576618 78.6117477253 -89.0542576618 162.818398572|
|67|0.00418369381092|244.158381468 -203.172998345 -153.642625518|173.523538893 -49.8775472138 1.26448638079 -49.8775472138 120.784701345 -9.89154446218 1.26448638079 -9.89154446218 52.038460018|
|68|0.00488529632501|323.32620452 296.835764042 226.582852027|101.790529955 19.24661537 -86.0623890679 19.24661537 167.868418102 -148.354421859 -86.0623890679 -148.354421859 277.045477292|
|69|0.00843536247513|366.082026905 -32.2363684272 124.894694834|142.958091431 12.4959754674 -15.8936696265 12.4959754674 187.280467339 6.64460475823 -15.8936696265 6.64460475823 99.2015752047|
|70|0.00879873536373|495.024709536 -115.109818561 145.169972133|232.930740738 96.6069365069 -130.253384227 96.6069365069 158.826573949 -3.94935321268 -130.253384227 -3.94935321268 268.778789294|
|71|0.00432981201968|294.398007554 271.656796201 191.038467521|174.092504606 155.106848248 122.145897245 155.106848248 243.562437682 177.877439801 122.145897245 177.877439801 588.831371734|
|72|0.0017633692286|411.748163951 30.5897857833 151.737428313|56.7733401473 -6.5460181289 -78.5904606568 -6.5460181289 256.247805101 -91.7890330275 -78.5904606568 -91.7890330275 170.674441295|
|73|0.0026995511791|411.883621488 -22.0860430671 170.125870405|441.149682102 209.153804128 -97.6168655044 209.153804128 185.164625048 10.5285538975 -97.6168655044 10.5285538975 376.954408968|
|74|0.00284769549552|324.154430946 241.17077189 160.542532287|34.2059335014 62.0928167141 -28.1950641423 62.0928167141 200.670653813 -126.89733678 -28.1950641423 -126.89733678 271.10984718|
|75|0.00235719182106|427.627175671 42.7474591067 177.535989779|81.4912483768 -77.9704306992 -21.7966534087 -77.9704306992 166.24019604 -50.7365048586 -21.7966534087 -50.7365048586 130.852864243|
|76|0.0014089356923|286.578708298 -237.397189918 -189.427023066|92.4436081517 -41.352100773 -65.4499463661 -41.352100773 150.336435098 99.0452378818 -65.4499463661 99.0452378818 700.565239415|
|77|0.00414501429255|238.3815138 -175.050018914 -164.062482515|122.717873831 -82.9771379087 -79.3468884677 -82.9771379087 217.701780341 129.225619947 -79.3468884677 129.225619947 144.259823776|
|78|0.0006248649|368.328042457 12.401027362 -207.982027652|1085.65473197 -195.229806168 672.830138569 -195.229806168 204.917905688 -87.8844857553 672.830138569 -87.8844857553 606.983379498|
|79|0.00221650075852|296.745426345 -3.97415569908 -271.431119799|101.125737473 19.057514845 12.1454472517 19.057514845 107.412904754 18.6919537675 12.1454472517 18.6919537675 31.53247827|
|80|6.65997374589e-05|284.85922541 -234.182545848 -182.23206256|121.234012919 -117.469450006 -12.3776774882 -117.469450006 286.646899694 -48.8591799447 -12.3776774882 -48.8591799447 324.923006823|
|81|0.00361870818339|279.419547705 -253.771862145 -163.744291286|427.885676684 -406.245436374 64.162881503 -406.245436374 520.636490121 -60.0717522584 64.162881503 -60.0717522584 92.0532307031|
|82|4.04749531279e-05|394.214443785 -10.0243098392 200.565953134|454.395469193 278.828366456 -57.6139277299 278.828366456 337.562429356 -74.6729894952 -57.6139277299 -74.6729894952 185.366868048|
|83|0.00155559107265|401.149966131 70.3759121729 172.032051158|36.7103872717 -61.591808422 55.6803150113 -61.591808422 536.948584092 -519.323294411 55.6803150113 -519.323294411 542.44428601|
|84|0.00130134069867|282.661690653 -229.451013231 -212.807002798|217.768277197 -253.008512157 219.7396606 -253.008512157 533.519678329 -253.988172724 219.7396606 -253.988172724 516.699628442|
|85|0.00644359588184|454.372036461 232.341342231 123.568418135|1213.55363206 -1386.29935985 156.545160882 -1386.29935985 1683.19625311 -195.532958215 156.545160882 -195.532958215 64.0768437184|
|86|0.00165492977722|423.902498444 19.6065335336 212.605394292|318.614837664 69.8256722659 -159.31472963 69.8256722659 64.0883836299 -92.1374213469 -159.31472963 -92.1374213469 202.494709644|
|87|0.00606354546272|318.615321424 47.9797032907 -212.191245687|157.355912577 44.7365152501 223.548919917 44.7365152501 83.8928563029 4.12494225748 223.548919917 4.12494225748 732.648767031|
|88|0.00371717735498|295.132891845 224.022189339 182.752378977|171.192093657 199.706255886 -10.3393861114 199.706255886 617.870021899 81.1081798192 -10.3393861114 81.1081798192 187.160773635|
|89|0.00441199803341|255.198414532 -244.744691304 -181.607598497|376.762656289 -289.328148284 142.987323076 -289.328148284 255.370872128 -105.273695433 142.987323076 -105.273695433 271.162090187|
|90|0.00650250029248|287.008758066 201.200160602 208.67956859|126.060316624 -4.2534868574 -1.73672925329 -4.2534868574 210.167303116 126.891819716 -1.73672925329 126.891819716 178.660713267|
|91|0.0034293520375|438.62999999 -5.14484521251 129.990039444|128.101590436 14.5298240207 -104.212955662 14.5298240207 103.125790286 0.762749816279 -104.212955662 0.762749816279 144.238176997|
|92|0.00133098911773|402.645993027 109.983671585 181.813109353|118.054332543 -455.088946435 -139.056539908 -455.088946435 2119.61435241 573.248407382 -139.056539908 573.248407382 217.287163633|
|93|0.000993210385895|272.063686987 -228.996596483 -204.137910892|299.104176152 -236.440140204 45.3126709663 -236.440140204 372.27431401 -20.2740037293 45.3126709663 -20.2740037293 594.398046142|
|94|0.00271369146354|339.274815279 7.46420824838 -166.104906001|310.608355476 -38.3538883529 14.33752426 -38.3538883529 87.9167900706 133.786667906 14.33752426 133.786667906 282.548836349|
|95|0.00974359528159|414.223338937 30.7184627234 -208.247558537|504.000204275 -134.291320083 503.038859744 -134.291320083 86.3121415089 -138.386718497 503.038859744 -138.386718497 846.833769873|
|96|0.00475188699741|400.824821605 -15.9866208514 155.729079345|398.792120893 105.228665438 41.1717218205 105.228665438 158.24407172 146.003083284 41.1717218205 146.003083284 254.758974572|
|97|0.00414831733288|399.148846159 149.073673586 182.927387056|48.5121455181 38.2555958288 -12.2820017229 38.2555958288 871.407314654 348.311140095 -12.2820017229 348.311140095 200.535462365|
|98|0.00177494729892|361.30585661 35.221364982 -196.351678082|460.346307441 0.417530917922 18.8672489721 0.417530917922 89.6920906285 -42.8289800567 18.8672489721 -42.8289800567 574.009072178|
|99|0.00152365947182|368.935760955 -7.968254692 195.116545595|356.591332795 258.404842789 -9.73573573232 258.404842789 229.279457456 50.667283581 -9.73573573232 50.667283581 342.866968802|
|100|0.00414151644262|283.633410238 227.863686296 121.247127155|142.486408188 -0.111192164286 -32.4780773783 -0.111192164286 110.482903439 -44.6507200635 -32.4780773783 -44.6507200635 75.5825638589|
|101|0.0138687444883|243.978234506 -190.636481388 -258.208920798|280.371273342 -63.3418467782 94.9787510022 -63.3418467782 192.408234526 8.14647512489 94.9787510022 8.14647512489 204.724086163|
|102|0.00492403210025|504.611196941 -35.596917884 140.031849819|149.642774194 -64.7986456301 -70.9755355962 -64.7986456301 104.01811564 -39.2711727113 -70.9755355962 -39.2711727113 253.884462678|
|103|0.00182622627251|331.448818861 24.8328613884 -215.247806269|205.97308938 28.2841562896 102.625523851 28.2841562896 176.824929991 19.0929306529 102.625523851 19.0929306529 398.657903919|
|104|0.00299316800759|347.38114857 -44.8472387252 225.551982879|68.1918559501 -6.17039081111 29.5201803691 -6.17039081111 275.014103788 108.717313671 29.5201803691 108.717313671 87.5347406279|
|105|0.00366723032325|306.979951805 242.601661275 161.404526878|103.516446492 171.922971103 -59.2419138699 171.922971103 674.562764591 -197.223987652 -59.2419138699 -197.223987652 222.12998913|
|106|0.00437946660559|363.894946673 -7.98020415429 -218.937397571|703.972724384 -539.061219219 660.053619113 -539.061219219 522.604383015 -538.218172042 660.053619113 -538.218172042 701.611600039|
|107|0.00490222054757|406.445586739 163.903053835 205.509385187|42.8507701506 27.3001078412 -29.1398908844 27.3001078412 726.657401847 298.114049272 -29.1398908844 298.114049272 222.668227921|
|108|0.00076056836486|397.47463569 -15.0149049257 192.509157716|449.243434996 250.539704993 -65.3987241676 250.539704993 365.396030742 34.5801075169 -65.3987241676 34.5801075169 339.204372581|
|109|0.00523505880494|262.037151174 -224.930050803 -152.102157923|214.624425584 -76.4064097798 233.21076144 -76.4064097798 171.336079778 -201.788964542 233.21076144 -201.788964542 457.938290699|
|110|0.00399489864607|424.804755804 -15.2955505116 -184.152308383|111.024138815 7.01590491426 98.2781156629 7.01590491426 286.256645515 -117.787967921 98.2781156629 -117.787967921 443.760534404|
|111|0.00371256029182|279.260631448 -240.753338855 -140.42844642|90.4665854907 36.1754790875 -16.7529465975 36.1754790875 60.8614872692 -10.9193410141 -16.7529465975 -10.9193410141 303.52281768|
|112|0.00763827133332|306.736557213 -252.339230073 -260.500280756|309.4980156 -81.2294517676 199.950993085 -81.2294517676 153.895682031 -70.242248506 199.950993085 -70.242248506 190.5871775|
|113|0.00722110607476|359.145780062 46.6119200137 -155.750643364|169.24225649 -84.7407680574 162.720780688 -84.7407680574 204.190543746 -267.6518179 162.720780688 -267.6518179 511.032219359|
|114|0.00347692166524|396.417356338 -3.36175875107 222.063841622|293.684266066 43.1304302853 -46.8124018058 43.1304302853 185.248702921 9.43355180893 -46.8124018058 9.43355180893 113.180246676|
|115|0.00825126172628|284.491875828 253.504127623 236.337265007|262.121721593 234.576203323 50.6238579055 234.576203323 480.186926486 79.8172297371 50.6238579055 79.8172297371 62.0367374192|
|116|0.00194112775337|365.066828929 -0.115951324091 207.852757541|256.113754016 227.252140333 -115.424790351 227.252140333 245.136645753 -17.1489900419 -115.424790351 -17.1489900419 284.100595905|
|117|0.000557887320424|404.727724189 65.8120088324 175.488343525|71.155817851 -142.540049848 16.385076355 -142.540049848 873.181952851 -190.072029098 16.385076355 -190.072029098 129.210675898|
|118|0.00060090403532|483.858461589 -70.4181221265 177.179919156|203.50102189 -113.981167328 -310.840029465 -113.981167328 361.22959344 55.9078827733 -310.840029465 55.9078827733 582.67360406|
|119|0.00540821852484|397.604993718 -105.849449644 -160.987391426|85.1885298733 -4.87017955227 9.88279462256 -4.87017955227 126.605084302 25.5687029793 9.88279462256 25.5687029793 160.083811401|
|120|0.010359932881|235.947161722 -201.072981243 -223.166736264|114.756441135 17.9973144131 56.9958317088 17.9973144131 161.404258783 293.993075606 56.9958317088 293.993075606 1094.09015699|
|121|0.00628086960169|413.942310724 -136.794647321 237.437880209|612.221542363 13.9006523958 -362.515294378 13.9006523958 77.1250330923 20.8142452956 -362.515294378 20.8142452956 267.165573775|
|122|0.00360006128008|351.84734482 12.1518114151 -175.431340701|282.68480745 51.3314012416 233.982612751 51.3314012416 103.00597591 198.355062805 233.982612751 198.355062805 654.622852828|
|123|0.00551068429525|396.551103976 120.882737093 150.925952974|102.01797259 138.0535984 -94.6223971981 138.0535984 313.381774729 -101.919366809 -94.6223971981 -101.919366809 193.389728895|
|124|0.00509006605007|313.980622089 16.1333366342 -236.906442123|489.830794411 -285.98208675 309.150286167 -285.98208675 289.70206176 -160.49058628 309.150286167 -160.49058628 261.402760853|
|125|0.00362585309623|447.83548289 5.36069819817 208.439398653|110.747800842 -11.398984077 -140.178445057 -11.398984077 191.331019974 41.1646154534 -140.178445057 41.1646154534 253.039171475|
|126|0.001267478135|387.292637043 16.2922722495 -178.529355223|1002.75516238 -40.59993615 470.504513344 -40.59993615 126.467450213 62.7121279829 470.504513344 62.7121279829 321.502031877|
|127|0.00710163426756|384.951991267 327.413366475 134.999287857|169.438306635 1.38573774006 10.7248136817 1.38573774006 78.5671539014 -26.491872097 10.7248136817 -26.491872097 204.165570364|
|128|0.00112549920016|277.144882883 -233.725004889 -207.539416547|249.868414849 -213.247305144 52.1586863032 -213.247305144 411.473743159 19.5739706604 52.1586863032 19.5739706604 630.505385878|
|129|0.00493270555674|410.950159164 -10.7628440371 -234.833152508|206.058863054 -75.4409762094 202.681888758 -75.4409762094 277.95211021 -296.137074994 202.681888758 -296.137074994 462.973451822|
|130|0.0065793007759|324.208663839 300.635358218 177.839464578|88.3764420548 91.0801410215 -113.311929559 91.0801410215 185.809228383 -169.281430907 -113.311929559 -169.281430907 633.066805055|
|131|0.00400173927723|397.370155079 192.860709375 216.309381188|148.569111158 206.940604364 -180.321197162 206.940604364 402.575780549 -293.717213646 -180.321197162 -293.717213646 395.914070535|
|132|0.0031544548154|441.257433762 267.450529419 165.144252503|153.24681561 148.627740691 -125.11214118 148.627740691 207.282487199 -91.9759828555 -125.11214118 -91.9759828555 222.953465806|
|133|0.00538144624683|318.733882718 -264.856984684 -196.301795807|68.9512984454 -118.952479909 74.4064487159 -118.952479909 267.884828602 -151.803168844 74.4064487159 -151.803168844 651.084596571|
|134|0.00343909237365|418.781140645 230.506965563 205.309158|52.3769854952 6.40153565287 -36.5143688984 6.40153565287 388.827564583 -161.208922554 -36.5143688984 -161.208922554 126.819416754|
|135|0.00278473310401|280.180501484 250.762627672 129.654541938|107.356017241 23.6901309866 -11.9274670572 23.6901309866 47.7194877477 19.6907791493 -11.9274670572 19.6907791493 135.625187453|
|136|0.0073983836515|445.464045941 -30.5412287185 226.020744426|90.054094224 -64.687081404 -104.484734555 -64.687081404 598.684671849 58.8218526781 -104.484734555 58.8218526781 197.080653369|
|137|0.00721182493562|395.879777342 40.790851383 -181.338117263|658.986607076 -207.806933088 334.776330636 -207.806933088 104.26963069 -119.253124373 334.776330636 -119.253124373 390.366224741|
|138|0.00221023635042|401.009526197 230.942302079 189.392122536|37.9906666572 103.941854344 -36.2922869809 103.941854344 614.387039754 -38.3281275759 -36.2922869809 -38.3281275759 97.9101313539|
|139|0.0085670408485|396.83912375 32.0209463007 -262.886780093|273.879211925 96.9102747993 189.290548639 96.9102747993 218.419858177 129.723807441 189.290548639 129.723807441 211.602789677|
|140|0.00456491242941|411.479706446 13.8928607441 -193.840397435|423.555375585 -168.939346269 618.681916147 -168.939346269 158.024476753 -241.318708171 618.681916147 -241.318708171 1225.83481353|
|141|0.000924499302651|357.813096758 30.8795751178 -200.540689305|485.439351973 -11.5864608978 31.2463565288 -11.5864608978 131.13982061 -10.5701006194 31.2463565288 -10.5701006194 541.957051548|
|142|0.00672491553152|353.797705544 -47.8523280121 170.076807459|247.047428921 120.793368682 -98.4546708024 120.793368682 256.812396848 -85.4174635567 -98.4546708024 -85.4174635567 329.321695454|
|143|0.00223574392147|377.714996975 16.4069537111 -205.56455055|1067.98719356 -201.362197274 763.996136595 -201.362197274 217.046108961 -143.072867758 763.996136595 -143.072867758 747.336603464|
|144|0.0116263838471|304.091825571 -283.422870342 -228.552978829|300.416566388 -213.929463482 486.189529047 -213.929463482 287.90366699 -433.524888821 486.189529047 -433.524888821 1003.85776746|
|145|0.000424914552177|370.33662477 -110.215503615 229.820131799|64.3678075249 -202.700112123 66.8878253017 -202.700112123 787.130807083 -257.992219249 66.8878253017 -257.992219249 93.4163513255|
|146|0.000994067731177|406.944210127 26.8145530584 196.214403757|76.0893835273 49.6782128831 -106.340447867 49.6782128831 135.307444742 -64.3048876889 -106.340447867 -64.3048876889 283.654799568|
|147|0.00937396980247|433.262151272 -135.521705398 186.231292718|681.766916102 150.916216359 -349.621100289 150.916216359 128.46540167 -44.6959266765 -349.621100289 -44.6959266765 258.950285278|
|148|0.00578261129793|384.13548731 -16.3835894558 -232.776229611|97.4962208341 -117.557165623 39.2935842487 -117.557165623 602.801528884 -405.682166054 39.2935842487 -405.682166054 361.634855248|
|149|0.00145311851606|413.716827313 -2.72553024084 211.833810782|235.763161743 95.2745726815 -26.9412456101 95.2745726815 202.711743258 -99.8347763337 -26.9412456101 -99.8347763337 226.433463934|
|150|0.000979575844362|397.844635932 -16.0080770626 179.210847836|491.924031042 208.294214946 -38.7979339975 208.294214946 297.357137534 128.715798743 -38.7979339975 128.715798743 420.229256996|
|151|0.00976767245412|331.00026171 -22.3416338938 163.08875643|941.850458813 122.242663554 -244.147816081 122.242663554 58.0851855878 -32.6890357372 -244.147816081 -32.6890357372 247.145359943|
|152|0.00858840652145|300.480180724 296.106855787 189.542216596|310.703041478 305.781614064 -227.016218192 305.781614064 322.036439075 -228.075435078 -227.016218192 -228.075435078 803.20014209|
|153|0.00195101853652|359.414852483 32.9880294491 -208.76256822|494.506663572 -21.3448265112 48.4750633675 -21.3448265112 104.22023456 -8.73020944756 48.4750633675 -8.73020944756 509.289921872|
|154|0.00677538986515|279.08539401 238.03603662 209.524962096|306.64031576 411.375757484 206.865443195 411.375757484 781.587689709 317.801834954 206.865443195 317.801834954 264.822718654|
|155|0.00116948610897|383.130998729 15.0342383554 -193.955691627|1159.74327688 -199.506652673 758.104089227 -199.506652673 210.734303386 -57.6790781361 758.104089227 -57.6790781361 705.831418605|
|156|0.000801143194309|419.529256254 68.1954787054 155.00459934|185.129288499 -348.924521856 -150.373491116 -348.924521856 723.086853865 296.821889756 -150.373491116 296.821889756 216.771369633|
|157|0.000759204131198|391.77229407 7.49921164538 210.815383555|157.892656691 72.5658094281 -121.570295292 72.5658094281 97.4105039802 -9.22594785496 -121.570295292 -9.22594785496 236.962577382|
|158|0.00197947038128|362.603977539 -11.7276875925 192.751292305|354.464641398 216.686963863 7.81097636496 216.686963863 155.708941624 25.3272705504 7.81097636496 25.3272705504 336.750059866|
|159|0.00290312847825|369.123762454 -35.0911425566 191.528259693|510.226119401 282.692706858 52.309954702 282.692706858 376.241474803 77.262599302 52.309954702 77.262599302 281.13897428|
|160|0.00651838678955|400.271837156 308.028252612 167.154569532|204.984393049 -99.0401197965 39.8945728433 -99.0401197965 235.290599883 -167.857089427 39.8945728433 -167.857089427 202.004874562|
|161|0.00325619079186|336.232323591 38.5772522089 -203.098363934|219.511277056 9.45957751974 161.845620382 9.45957751974 103.152531622 -71.1869238215 161.845620382 -71.1869238215 545.639306981|
|162|0.00785791609637|492.848585299 -106.905337046 121.507727233|264.169021929 405.379690948 -22.6685585074 405.379690948 889.552206866 -22.5392539472 -22.6685585074 -22.5392539472 42.9928420662|
|163|0.00198124512919|323.186881293 309.05183773 122.146517334|65.9247986928 12.6423526497 -27.4112358687 12.6423526497 61.7770661244 -26.4169446033 -27.4112358687 -26.4169446033 65.0548027866|
|164|0.00262032334237|430.720073743 48.5440890045 145.09754253|223.711380668 -365.526039612 -162.980450286 -365.526039612 652.094046789 289.048473552 -162.980450286 289.048473552 206.450881255|
|165|0.00235117596278|386.913987788 -15.7870785768 -203.800604624|530.161737211 -268.469532701 442.939866475 -268.469532701 326.955404864 -289.361628745 442.939866475 -289.361628745 473.819036509|
|166|0.000867218558766|280.22035956 -232.983955694 -210.659093504|213.867028714 -222.346907912 148.356756276 -222.346907912 505.231327099 -132.094242276 148.356756276 -132.094242276 581.534539394|
|167|0.00252830851801|264.600659187 -233.292556501 -205.67898105|263.35869949 -237.461641891 -3.59071713431 -237.461641891 338.43847409 95.4604115891 -3.59071713431 95.4604115891 564.318869331|
|168|0.00149799654903|312.148710774 279.012971066 136.464117169|107.011153032 123.755348904 -47.57052172 123.755348904 414.698555474 -34.4383321737 -47.57052172 -34.4383321737 42.2194026475|
|169|0.0012492002029|277.345134024 -232.909600632 -206.549424058|274.68437143 -215.94776721 24.9279923816 -215.94776721 366.735910993 45.2830681298 24.9279923816 45.2830681298 625.279604341|
|170|0.0069725434151|332.373060878 -52.1754442191 154.895782222|432.084052658 20.4945052613 -120.821212446 20.4945052613 270.191880769 -81.6540460865 -120.821212446 -81.6540460865 96.0512593586|
|171|0.00229857219642|298.211726156 -281.086061065 -162.191102768|244.42364292 -319.60180112 393.029057698 -319.60180112 520.373236946 -606.864114854 393.029057698 -606.864114854 803.978984892|
|172|0.000908363563536|398.815018183 26.8752938343 191.644066036|88.6741342945 105.402915023 -121.374976744 105.402915023 213.409116637 -179.315172236 -121.374976744 -179.315172236 337.886614594|
|173|0.00349358729421|297.658295253 -232.901005281 -168.28517615|64.7159691658 -44.0701418267 -103.016821267 -44.0701418267 121.283464295 37.8284417052 -103.016821267 37.8284417052 490.265869817|
|174|0.00523546427822|413.842681072 115.763543614 138.681968168|52.5439516731 86.4460349517 28.7261255857 86.4460349517 326.67128041 55.8341584144 28.7261255857 55.8341584144 156.078617271|
|175|0.00286321710682|364.871795217 33.5758178184 -217.089284062|726.174434933 -169.385738461 517.155517709 -169.385738461 120.449867272 -93.4781746961 517.155517709 -93.4781746961 644.652320011|
|176|0.00788567900822|378.617150947 194.839464268 233.138815202|247.267748128 173.450279813 -103.30569823 173.450279813 278.24573518 -158.764620663 -103.30569823 -158.764620663 194.989384955|
|177|0.00109211621913|355.781357077 194.753735438 228.908739494|97.606561247 73.542962753 -6.57948717914 73.542962753 99.8530211045 -10.6101906322 -6.57948717914 -10.6101906322 25.9008112811|
|178|0.000541805426994|404.216118653 71.4657205579 172.736801191|53.5361268563 -85.5932302707 1.35754461519 -85.5932302707 893.442184742 -205.28561893 1.35754461519 -205.28561893 139.992031681|
|179|0.00385800033569|290.475781962 227.01975211 195.207652234|165.31967269 162.086402464 -22.603781799 162.086402464 634.776512441 214.999143442 -22.603781799 214.999143442 305.358519127|
|180|0.000773231767731|375.097393308 5.88569575577 -167.899549569|108.431331649 26.8613751522 49.9515766043 26.8613751522 54.8920509224 67.6868342116 49.9515766043 67.6868342116 114.499227922|
|181|0.000876530395473|416.818130282 -3.71805699475 199.538168342|161.980139191 17.3175479108 -42.9612147321 17.3175479108 121.946917365 -89.6531202231 -42.9612147321 -89.6531202231 263.650607602|
|182|0.00633334686924|454.594117053 14.3912595652 160.846153006|68.0291613015 -58.7562591567 -4.12889313065 -58.7562591567 169.382461072 127.444043761 -4.12889313065 127.444043761 413.126916211|
|183|0.00128407112104|392.539369201 -17.5310204056 198.899966772|491.412096406 303.79416769 -28.7318151537 303.79416769 391.229752348 6.70265717259 -28.7318151537 6.70265717259 251.606196467|
|184|0.00801991581973|487.164820401 -81.290334905 197.08437329|526.642276593 -428.355079484 -534.667614493 -428.355079484 477.568122119 433.994280475 -534.667614493 433.994280475 620.412163876|
|185|0.00477912933602|301.587139514 195.893973275 167.011307063|89.7128146346 95.223516997 -1.96139528914 95.223516997 204.661538996 -41.2395909415 -1.96139528914 -41.2395909415 178.110610725|
|186|0.00490912465781|273.833578752 -256.554592422 -216.957433448|452.28892643 -498.507963677 307.92401224 -498.507963677 596.763234351 -325.32152686 307.92401224 -325.32152686 470.674657639|
|187|0.00186169007616|375.770029363 198.77766596 245.954144663|186.391425226 151.597353932 -84.8511402876 151.597353932 219.494591948 -143.905606411 -84.8511402876 -143.905606411 115.087055265|
|188|0.00295190639858|340.432646314 -15.3288067694 -183.936934204|115.37752061 -7.65589048336 -3.20736973919 -7.65589048336 79.755007564 40.9780166772 -3.20736973919 40.9780166772 59.8997684416|
|189|0.0044889819281|432.144189937 238.282437554 164.321416957|83.4826985397 194.428478781 -193.138012595 194.428478781 620.406832889 -576.45464054 -193.138012595 -576.45464054 682.23051493|
|190|0.000100237474193|404.133161338 -4.32719409493 210.014432739|331.028385369 140.419153825 -53.3797373744 140.419153825 230.071366625 -55.8290932838 -53.3797373744 -55.8290932838 204.618769292|
|191|0.00127815053849|289.784263193 259.288815854 155.036033109|341.952982946 454.529752203 -159.789610097 454.529752203 802.024431096 -165.499952483 -159.789610097 -165.499952483 148.248879089|
|192|0.00199881409814|378.008146159 -26.9078677426 201.827314577|570.685622148 346.203267723 58.7557190868 346.203267723 406.461733101 50.0416764346 58.7557190868 50.0416764346 168.336474025|
|193|0.00686669521161|417.216178007 -7.07467438903 -210.605063707|92.7210639279 31.3165333073 55.8677099461 31.3165333073 807.418715164 -541.580740694 55.8677099461 -541.580740694 598.746969943|
|194|0.0097501766505|419.436562997 299.519672329 126.706662938|267.371708357 -204.696058909 11.7546023472 -204.696058909 381.552479362 -32.1004952595 11.7546023472 -32.1004952595 85.3576781994|
|195|0.00822630095729|269.812403686 -197.925674163 -200.672539596|143.943955542 -85.6670073359 140.040075199 -85.6670073359 173.958874272 -262.280365724 140.040075199 -262.280365724 744.222195872|
|196|0.00106676019265|415.969461152 38.8814134607 152.495932619|145.233637826 -235.434860553 -141.620262294 -235.434860553 587.895538021 181.744607431 -141.620262294 181.744607431 183.177373252|
|197|0.00168167023504|262.734689056 -230.670397582 -185.122597498|324.16028792 -271.198582547 66.8705570226 -271.198582547 329.398957724 -60.9173555298 66.8705570226 -60.9173555298 310.357278831|
|198|0.0124507460978|388.613403686 -51.6247075574 155.744686174|650.059133431 314.379662571 -128.521772663 314.379662571 221.154564079 -99.8578285731 -128.521772663 -99.8578285731 244.418906981|
|199|0.00175669905445|369.399558399 3.9803424976 -185.712800446|686.41456168 -61.9457395185 383.644462347 -61.9457395185 160.82119376 78.8711703772 383.644462347 78.8711703772 336.434917234|
|200|0.000858047222978|405.5080093 76.0370181655 175.467718781|68.4044914493 -201.998056462 -57.0397120957 -201.998056462 1681.81982367 266.180266913 -57.0397120957 266.180266913 105.825679541|
|201|0.00378993924377|415.26963352 -32.8176996849 -225.939724594|121.084080522 27.9390335358 31.725432188 27.9390335358 297.084875454 -253.950307358 31.725432188 -253.950307358 272.7378188|
|202|0.00303915246492|427.05036191 29.8328771798 215.528073092|231.291488471 9.43576445784 -76.6438733156 9.43576445784 31.6084162335 -39.4059019039 -76.6438733156 -39.4059019039 166.363035678|
|203|0.000948628437003|297.646539986 -263.125383357 -173.350423434|192.637111903 -265.587400106 -51.7211454971 -265.587400106 544.272517541 39.5291878685 -51.7211454971 39.5291878685 155.957993925|
|204|0.00104378408019|392.36295888 6.93289261228 -191.960048434|951.09445673 -69.3165229147 828.153426049 -69.3165229147 167.799067892 -59.9046304573 828.153426049 -59.9046304573 834.740067586|
|205|0.00653769064256|465.565199167 -119.565751384 191.045851496|1385.84005914 90.7987136259 -860.006577966 90.7987136259 46.2500756608 -44.5038924509 -860.006577966 -44.5038924509 624.4203162|
|206|0.00368818519315|341.124913387 -12.9145204764 -234.573906933|268.677123748 -42.0863823517 5.80845427939 -42.0863823517 64.8170509107 -26.9395095603 5.80845427939 -26.9395095603 61.2227122048|
|207|0.00360630714657|392.515824741 25.6817280189 -156.020306844|378.305919842 -29.217495592 44.1541435413 -29.217495592 87.484896891 -0.813218127717 44.1541435413 -0.813218127717 46.3594451134|
|208|0.00170080738463|286.656025043 -244.031024504 -208.409793702|369.515288616 -427.26781819 335.600866462 -427.26781819 748.685903571 -402.515931301 335.600866462 -402.515931301 626.208392788|
|209|0.00284948086168|357.13796732 13.8110146275 -145.5066227|173.821448725 25.4655727671 242.731379575 25.4655727671 45.4760427677 76.0462814031 242.731379575 76.0462814031 509.599984752|
|210|0.00460136744061|345.069361715 277.991602111 239.079410859|334.888257691 -227.100788758 -118.781620582 -227.100788758 217.928150047 44.7865650896 -118.781620582 44.7865650896 112.748384282|
|211|0.00641272551856|376.535517603 -58.3043274375 198.251896305|324.038614134 156.805909973 -61.484786339 156.805909973 139.858720907 39.967208937 -61.484786339 39.967208937 213.765404401|
|212|0.00147750871308|390.462973472 31.4223657145 215.434526617|64.8783940327 67.9990194814 -69.7935168442 67.9990194814 115.795291251 -117.853270754 -69.7935168442 -117.853270754 198.1599309|
|213|0.00452067320395|288.746687197 -228.544461201 -223.141944272|215.308584858 -167.696679924 19.81847792 -167.696679924 229.909865703 106.935611626 19.81847792 106.935611626 316.128722291|
|214|0.000998618914497|377.09724321 -4.5715161144 195.138827338|347.354374611 218.731748082 -38.4326397796 218.731748082 183.569910635 37.5593113228 -38.4326397796 37.5593113228 353.151699495|
|215|0.00496019021659|454.524870119 -75.792615352 217.750553314|166.928853549 -61.639640304 -121.736014194 -61.639640304 96.7730584521 36.8495276132 -121.736014194 36.8495276132 220.974147169|
|216|0.00501382562774|295.724521795 266.191372716 159.265283062|316.005916462 451.598629414 -89.2632826996 451.598629414 815.240955758 -106.187925321 -89.2632826996 -106.187925321 150.365148006|
|217|0.00479484226512|306.245925633 236.94350771 138.534989549|100.929833209 81.0668276999 32.9233809875 81.0668276999 254.785158887 7.98778142136 32.9233809875 7.98778142136 139.776886684|
|218|0.00857792031423|330.488731608 -302.327776385 -138.153480246|105.328031345 29.6264136749 97.6359780633 29.6264136749 133.822287728 56.0080312669 97.6359780633 56.0080312669 429.33323351|
|219|0.00609145991003|458.733722382 194.362219301 130.21621514|192.371762486 79.1088161237 -70.4798485043 79.1088161237 151.47001625 -60.9519843345 -70.4798485043 -60.9519843345 97.8855195072|
|220|0.00235073531672|393.987624004 16.9304211767 -192.945426741|928.900361675 -217.658957187 860.228904506 -217.658957187 203.072199837 -192.108904121 860.228904506 -192.108904121 962.875169603|
|221|0.00402015119915|367.413940159 287.675979814 218.403101492|251.618408034 -50.4382373089 27.3663943325 -50.4382373089 66.2940267427 -26.8193819965 27.3663943325 -26.8193819965 61.4554799395|
|222|0.00304666868113|297.125960222 239.422531634 173.185712164|164.378804534 255.634543806 -6.30692862583 255.634543806 770.458901619 -39.4145328993 -6.30692862583 -39.4145328993 227.412554498|
|223|0.00128514733852|355.987888579 21.8055716162 -217.846267436|699.038988914 -101.302018596 384.349975881 -101.302018596 194.928441558 -70.7120006794 384.349975881 -70.7120006794 454.593083358|
|224|0.000732325213435|273.370573915 -232.449452842 -204.126268635|305.334302306 -252.772553041 58.6246245191 -252.772553041 398.709607218 -22.3697655866 58.6246245191 -22.3697655866 615.517935605|
|225|0.000937889517158|411.067540273 19.927792755 188.07139866|61.9364543047 4.44858336108 -101.102080967 4.44858336108 149.735862551 42.0225395261 -101.102080967 42.0225395261 305.210876441|
|226|0.00357855124079|315.21250641 5.09614969943 -266.897663857|101.24742935 4.03473327948 -91.1822409733 4.03473327948 51.5698410293 16.4510643496 -91.1822409733 16.4510643496 265.799479552|
|227|0.00303307878962|355.002238643 41.9743477448 -179.913781172|437.094998111 15.8414782008 46.75650787 15.8414782008 135.006578819 -64.2013858671 46.75650787 -64.2013858671 138.154380909|
|228|0.00287694641806|349.342960473 -41.0105307656 208.462753267|238.901492479 162.855643003 86.566180049 162.855643003 334.934990685 120.098646869 86.566180049 120.098646869 105.808741422|
|229|0.000288858216497|378.560936212 -29.7938541778 185.401408576|559.756611562 303.19937813 -4.90688861047 303.19937813 379.286799394 58.9849425582 -4.90688861047 58.9849425582 361.236403333|
|230|0.00464196273929|449.000625405 23.9652190324 -123.906874394|83.3973407349 7.88949473958 15.4110154564 7.88949473958 161.765985509 36.5909755448 15.4110154564 36.5909755448 86.7483483392|
|231|0.00756739790622|231.938559583 -219.470163621 -217.189178603|178.945646783 -118.640480274 210.461208387 -118.640480274 125.918821389 -122.016934389 210.461208387 -122.016934389 999.73626632|
|232|0.00676446801312|420.348225224 278.504204637 181.886464578|295.529432836 38.6255459541 -288.546362768 38.6255459541 82.7544663847 -58.8467846397 -288.546362768 -58.8467846397 438.670355324|
|233|0.00539926440108|323.980074323 42.4024132903 -252.626634568|127.745329065 43.7065854896 44.0079096103 43.7065854896 219.470968929 123.587425883 44.0079096103 123.587425883 210.638711502|
|234|0.00145803782687|337.329073123 16.0720202123 -204.987454799|358.516880587 -10.6874294801 238.283641777 -10.6874294801 120.935410259 55.1582672847 238.283641777 55.1582672847 325.770510751|
|235|0.0027424646418|391.687880816 -21.0975275324 169.79975275|595.857577825 191.528096947 -16.5137972171 191.528096947 204.277436001 118.594613104 -16.5137972171 118.594613104 386.785005146|
|236|0.00213373453614|297.679113303 250.28689994 182.113436643|156.878171627 207.130238963 -3.89431263883 207.130238963 520.838609222 71.3242942045 -3.89431263883 71.3242942045 420.089249497|
|237|0.00335746986833|379.942186255 -27.6864915615 199.547351049|564.912135427 355.322513529 49.7673428003 355.322513529 433.372784312 72.1096799947 49.7673428003 72.1096799947 211.886509113|
|238|0.0017762073337|402.696451448 3.66161706278 -171.283865076|540.721444894 -60.3231405121 441.271181006 -60.3231405121 227.933415305 36.8252293832 441.271181006 36.8252293832 438.68503478|
|239|0.000285919619876|399.046587508 -8.78037998119 198.772377186|443.495242205 240.572030675 -60.1300531891 240.572030675 303.715661063 -39.5069325187 -60.1300531891 -39.5069325187 253.130159722|
|240|0.00297285507828|389.533675593 132.032742717 195.803754816|18.6735454375 -9.79754242386 2.77732222931 -9.79754242386 945.688870101 353.698205366 2.77732222931 353.698205366 173.191779565|
|241|0.0061568685135|268.415632292 249.031544222 195.423031895|49.9186636636 43.3498777213 -83.1505569357 43.3498777213 187.886374076 -9.44783246748 -83.1505569357 -9.44783246748 550.010991832|
|242|0.00209543034788|397.77621357 -5.48555743818 -211.12670271|200.461461839 -211.696551874 268.297244222 -211.696551874 470.114745919 -440.635081338 268.297244222 -440.635081338 604.28806963|
|243|0.00454362660208|442.388111447 8.89854309984 181.857472171|116.65519855 -46.3656334681 -51.2581665161 -46.3656334681 169.387339709 78.4013105068 -51.2581665161 78.4013105068 387.765352896|
|244|0.000656287252141|398.784357188 70.7310993059 172.436155162|99.8120515541 -210.243846974 -8.431220492 -210.243846974 605.302085086 -9.6565224793 -8.431220492 -9.6565224793 82.2489497062|
|245|0.00530329717873|301.9258535 32.5834673566 -267.461811633|187.285988807 -52.5047501719 -42.6936737252 -52.5047501719 127.55418498 5.16124898429 -42.6936737252 5.16124898429 119.661113771|
|246|0.00290056835677|406.811742105 5.93561025646 -207.86126708|346.386801758 -167.450742164 370.71858327 -167.450742164 314.660351682 -346.051783343 370.71858327 -346.051783343 730.051523308|
|247|0.00160799805783|399.787915982 15.8975762309 178.054558568|93.7387366334 50.2078587614 -48.9101141157 50.2078587614 205.419334773 43.8555258074 -48.9101141157 43.8555258074 104.040239083|
|248|0.00666803054624|418.956240749 -73.023178008 -149.890437683|110.512784629 164.557764882 33.359821546 164.557764882 549.462023641 52.2362102753 33.359821546 52.2362102753 82.7046452905|
|249|0.00678053009113|255.872220525 194.888631147 181.417795215|284.269894374 126.662242504 -32.0570673751 126.662242504 198.152673743 1.19324487035 -32.0570673751 1.19324487035 140.022801884|
