 Merge of: p1_B10_1.mcc p1_B10_2.mcc p1_B2_2.mccd p1_B3_2.mccd p1_B6_1.mccd p1_B6_2.mccd p1_B6_3.mccd                                                                                                                                                           
p1_B10_1.mcc  Conc = .10E+01  Mult = .56E+00  N1 =  100  N2 =  485  SCALE =  1
p1_B10_2.mcc  Conc = .10E+01  Mult = .57E+00  N1 =  114  N2 =  490  SCALE =  1
p1_B2_2.mccd  Conc = .10E+01  Mult = .35E+01  N1 =   50  N2 =   90  SCALE =  1
p1_B3_2.mccd  Conc = .10E+01  Mult = .18E+01  N1 =   24  N2 =   81  SCALE =  1
p1_B6_1.mccd  Conc = .10E+01  Mult = .10E+01  N1 =   19  N2 =  491  SCALE =  1
p1_B6_2.mccd  Conc = .10E+01  Mult = .10E+01  N1 =   14  N2 =  490  SCALE =  1
p1_B6_3.mccd  Conc = .10E+01  Mult = .10E+01  N1 =   24  N2 =  487  SCALE =  1
 0.185460E-01  0.107410E+02  0.341507E+00
 0.191550E-01  0.106306E+02  0.229629E+00
 0.197630E-01  0.105969E+02  0.243909E+00
 0.203710E-01  0.104740E+02  0.198990E+00
 0.209790E-01  0.971713E+01  0.800904E+00
 0.215870E-01  0.976134E+01  0.328211E+00
 0.221950E-01  0.100527E+02  0.360402E+00
 0.228030E-01  0.992889E+01  0.289797E+00
 0.234110E-01  0.986362E+01  0.278345E+00
 0.240190E-01  0.970539E+01  0.435303E+00
 0.246270E-01  0.969230E+01  0.196919E+00
 0.252350E-01  0.961048E+01  0.170230E+00
 0.258430E-01  0.928790E+01  0.183676E+00
 0.264520E-01  0.932790E+01  0.164172E+00
 0.270600E-01  0.912704E+01  0.163541E+00
 0.276680E-01  0.899391E+01  0.144975E+00
 0.282760E-01  0.907817E+01  0.141752E+00
 0.288840E-01  0.894875E+01  0.142573E+00
 0.294920E-01  0.874137E+01  0.137290E+00
 0.301000E-01  0.870376E+01  0.137697E+00
 0.307080E-01  0.851659E+01  0.132310E+00
 0.313160E-01  0.856413E+01  0.149613E+00
 0.319240E-01  0.836850E+01  0.145217E+00
 0.325320E-01  0.813835E+01  0.131939E+00
 0.331400E-01  0.823918E+01  0.135336E+00
 0.337480E-01  0.791080E+01  0.133162E+00
 0.343570E-01  0.780695E+01  0.128426E+00
 0.349650E-01  0.764989E+01  0.137609E+00
 0.355730E-01  0.751574E+01  0.124837E+00
 0.361810E-01  0.759301E+01  0.126037E+00
 0.367890E-01  0.749424E+01  0.117108E+00
 0.373970E-01  0.726192E+01  0.118505E+00
 0.380050E-01  0.718300E+01  0.122136E+00
 0.386130E-01  0.712502E+01  0.116395E+00
 0.392210E-01  0.691360E+01  0.119392E+00
 0.398290E-01  0.686770E+01  0.236398E+00
 0.404370E-01  0.684331E+01  0.128454E+00
 0.410450E-01  0.675391E+01  0.109009E+00
 0.416540E-01  0.662596E+01  0.103127E+00
 0.422620E-01  0.643299E+01  0.103516E+00
 0.428700E-01  0.634095E+01  0.100368E+00
 0.434780E-01  0.619242E+01  0.101912E+00
 0.440860E-01  0.618861E+01  0.103083E+00
 0.446940E-01  0.608792E+01  0.104080E+00
 0.453020E-01  0.607228E+01  0.993807E-01
 0.459100E-01  0.599800E+01  0.101101E+00
 0.465180E-01  0.592999E+01  0.909391E-01
 0.471260E-01  0.572886E+01  0.929189E-01
 0.477340E-01  0.569786E+01  0.908289E-01
 0.483420E-01  0.559789E+01  0.939849E-01
 0.489500E-01  0.551156E+01  0.874728E-01
 0.495590E-01  0.538221E+01  0.938864E-01
 0.501670E-01  0.537021E+01  0.872884E-01
 0.507750E-01  0.525458E+01  0.877264E-01
 0.513830E-01  0.507072E+01  0.856272E-01
 0.519910E-01  0.499350E+01  0.855487E-01
 0.525990E-01  0.491946E+01  0.830245E-01
 0.532070E-01  0.484681E+01  0.828461E-01
 0.538150E-01  0.486015E+01  0.812056E-01
 0.544230E-01  0.468561E+01  0.849429E-01
 0.550310E-01  0.461939E+01  0.858061E-01
 0.556390E-01  0.458633E+01  0.825012E-01
 0.562470E-01  0.446275E+01  0.801910E-01
 0.568550E-01  0.438871E+01  0.803290E-01
 0.574630E-01  0.435842E+01  0.743867E-01
 0.580720E-01  0.420256E+01  0.777519E-01
 0.586800E-01  0.403677E+01  0.823518E-01
 0.592880E-01  0.406201E+01  0.797429E-01
 0.598960E-01  0.405911E+01  0.976487E-01
 0.605040E-01  0.391113E+01  0.903703E-01
 0.611120E-01  0.388530E+01  0.927654E-01
 0.617200E-01  0.374837E+01  0.973110E-01
 0.623280E-01  0.366137E+01  0.990105E-01
 0.629360E-01  0.356477E+01  0.957025E-01
 0.635440E-01  0.353597E+01  0.149183E+00
 0.641520E-01  0.346934E+01  0.231910E+00
 0.647600E-01  0.355794E+01  0.136816E+00
 0.653680E-01  0.342854E+01  0.100312E+00
 0.659770E-01  0.343286E+01  0.102449E+00
 0.665850E-01  0.329966E+01  0.982543E-01
 0.671930E-01  0.336890E+01  0.963521E-01
 0.678010E-01  0.333225E+01  0.951226E-01
 0.684090E-01  0.324623E+01  0.960395E-01
 0.690170E-01  0.320355E+01  0.979911E-01
 0.696250E-01  0.312730E+01  0.959288E-01
 0.702330E-01  0.312154E+01  0.965694E-01
 0.708410E-01  0.297597E+01  0.736406E-01
 0.714490E-01  0.290184E+01  0.737973E-01
 0.720570E-01  0.279574E+01  0.685101E-01
 0.726650E-01  0.273687E+01  0.727809E-01
 0.732730E-01  0.271357E+01  0.736187E-01
 0.738810E-01  0.275497E+01  0.675442E-01
 0.744900E-01  0.263420E+01  0.669401E-01
 0.750980E-01  0.253261E+01  0.729573E-01
 0.757060E-01  0.255068E+01  0.676342E-01
 0.763140E-01  0.252050E+01  0.684319E-01
 0.769220E-01  0.237281E+01  0.679009E-01
 0.775300E-01  0.240771E+01  0.653247E-01
 0.781380E-01  0.234481E+01  0.673464E-01
 0.787460E-01  0.231280E+01  0.729726E-01
 0.793540E-01  0.227569E+01  0.121135E+00
 0.799620E-01  0.226746E+01  0.974954E-01
 0.805700E-01  0.224885E+01  0.179307E+00
 0.811780E-01  0.218368E+01  0.891087E-01
 0.817860E-01  0.216067E+01  0.804078E-01
 0.823940E-01  0.204401E+01  0.743804E-01
 0.830020E-01  0.202003E+01  0.554833E-01
 0.836110E-01  0.200690E+01  0.496643E-01
 0.842190E-01  0.201185E+01  0.515309E-01
 0.848270E-01  0.205241E+01  0.485912E-01
 0.854350E-01  0.202313E+01  0.491115E-01
 0.860430E-01  0.198707E+01  0.494882E-01
 0.866510E-01  0.188522E+01  0.490406E-01
 0.872590E-01  0.180507E+01  0.490726E-01
 0.878670E-01  0.175928E+01  0.482737E-01
 0.884750E-01  0.174659E+01  0.497467E-01
 0.890830E-01  0.167424E+01  0.485310E-01
 0.896910E-01  0.164641E+01  0.470636E-01
 0.902990E-01  0.160894E+01  0.479268E-01
 0.909070E-01  0.158249E+01  0.508109E-01
 0.915150E-01  0.159749E+01  0.480119E-01
 0.921230E-01  0.165959E+01  0.498473E-01
 0.927320E-01  0.167101E+01  0.502729E-01
 0.933400E-01  0.159898E+01  0.511240E-01
 0.939480E-01  0.149522E+01  0.482730E-01
 0.945560E-01  0.151993E+01  0.495039E-01
 0.951640E-01  0.142460E+01  0.484381E-01
 0.957720E-01  0.141717E+01  0.461047E-01
 0.963800E-01  0.135146E+01  0.460894E-01
 0.969880E-01  0.132270E+01  0.468233E-01
 0.975960E-01  0.127334E+01  0.433492E-01
 0.982040E-01  0.128089E+01  0.438329E-01
 0.988120E-01  0.123962E+01  0.453197E-01
 0.994200E-01  0.127976E+01  0.438845E-01
 0.100028E+00  0.122974E+01  0.452371E-01
 0.100636E+00  0.124596E+01  0.438992E-01
 0.101244E+00  0.124504E+01  0.426762E-01
 0.101852E+00  0.116097E+01  0.412654E-01
 0.102461E+00  0.116916E+01  0.458093E-01
 0.103069E+00  0.119673E+01  0.426613E-01
 0.103677E+00  0.113856E+01  0.454998E-01
 0.104285E+00  0.110129E+01  0.437315E-01
 0.104893E+00  0.110036E+01  0.430781E-01
 0.105501E+00  0.108249E+01  0.444342E-01
 0.106109E+00  0.981474E+00  0.433416E-01
 0.106717E+00  0.103997E+01  0.433099E-01
 0.107325E+00  0.100743E+01  0.420547E-01
 0.107933E+00  0.102746E+01  0.425866E-01
 0.108541E+00  0.979691E+00  0.431030E-01
 0.109149E+00  0.973387E+00  0.433064E-01
 0.109757E+00  0.928728E+00  0.418852E-01
 0.110365E+00  0.907713E+00  0.409513E-01
 0.110973E+00  0.974296E+00  0.423007E-01
 0.111581E+00  0.912691E+00  0.425281E-01
 0.112189E+00  0.893350E+00  0.429456E-01
 0.112798E+00  0.778247E+00  0.412977E-01
 0.113406E+00  0.795469E+00  0.415095E-01
 0.114014E+00  0.808211E+00  0.406113E-01
 0.114622E+00  0.848359E+00  0.420891E-01
 0.115230E+00  0.780090E+00  0.406883E-01
 0.115838E+00  0.818861E+00  0.398382E-01
 0.116446E+00  0.786562E+00  0.406242E-01
 0.117054E+00  0.778419E+00  0.398309E-01
 0.117662E+00  0.792259E+00  0.395944E-01
 0.118270E+00  0.787089E+00  0.384472E-01
 0.118878E+00  0.798523E+00  0.365494E-01
 0.119486E+00  0.805642E+00  0.383564E-01
 0.120094E+00  0.767277E+00  0.382521E-01
 0.120702E+00  0.787448E+00  0.383696E-01
 0.121310E+00  0.697082E+00  0.392132E-01
 0.121918E+00  0.663145E+00  0.379726E-01
 0.122526E+00  0.632268E+00  0.374553E-01
 0.123134E+00  0.630478E+00  0.395480E-01
 0.123742E+00  0.665017E+00  0.411574E-01
 0.124351E+00  0.632544E+00  0.404566E-01
 0.124959E+00  0.592965E+00  0.378543E-01
 0.125567E+00  0.653298E+00  0.396313E-01
 0.126175E+00  0.586439E+00  0.388379E-01
 0.126783E+00  0.599320E+00  0.379117E-01
 0.127391E+00  0.608689E+00  0.384639E-01
 0.127999E+00  0.592829E+00  0.373375E-01
 0.128607E+00  0.614077E+00  0.383714E-01
 0.129215E+00  0.579483E+00  0.379572E-01
 0.129823E+00  0.603835E+00  0.380427E-01
 0.130431E+00  0.605991E+00  0.369230E-01
 0.131039E+00  0.577600E+00  0.378860E-01
 0.131647E+00  0.631261E+00  0.367895E-01
 0.132255E+00  0.584851E+00  0.383503E-01
 0.132863E+00  0.601533E+00  0.360456E-01
 0.133471E+00  0.564880E+00  0.365936E-01
 0.134079E+00  0.609420E+00  0.375467E-01
 0.134687E+00  0.555995E+00  0.380795E-01
 0.135295E+00  0.582543E+00  0.358527E-01
 0.135903E+00  0.616945E+00  0.382392E-01
 0.136511E+00  0.546839E+00  0.384997E-01
 0.137119E+00  0.557143E+00  0.373950E-01
 0.137728E+00  0.500462E+00  0.373515E-01
 0.138336E+00  0.534152E+00  0.373721E-01
 0.138944E+00  0.535276E+00  0.385906E-01
 0.139552E+00  0.541477E+00  0.375246E-01
 0.140160E+00  0.544727E+00  0.382667E-01
 0.140768E+00  0.505923E+00  0.363273E-01
 0.141376E+00  0.539333E+00  0.365991E-01
 0.141984E+00  0.479952E+00  0.359056E-01
 0.142592E+00  0.494526E+00  0.371396E-01
 0.143200E+00  0.504193E+00  0.364787E-01
 0.143808E+00  0.489043E+00  0.381397E-01
 0.144416E+00  0.468856E+00  0.379940E-01
 0.145024E+00  0.462115E+00  0.358894E-01
 0.145632E+00  0.440035E+00  0.363827E-01
 0.146240E+00  0.479995E+00  0.361599E-01
 0.146848E+00  0.475104E+00  0.362457E-01
 0.147456E+00  0.452838E+00  0.357554E-01
 0.148064E+00  0.459066E+00  0.355541E-01
 0.148672E+00  0.480268E+00  0.352780E-01
 0.149280E+00  0.485528E+00  0.391404E-01
 0.149888E+00  0.455310E+00  0.460812E-01
 0.150496E+00  0.457329E+00  0.479192E-01
 0.151104E+00  0.477237E+00  0.579165E-01
 0.151712E+00  0.470459E+00  0.542674E-01
 0.152320E+00  0.514076E+00  0.378903E-01
 0.152928E+00  0.439668E+00  0.358211E-01
 0.153537E+00  0.501213E+00  0.338212E-01
 0.154145E+00  0.454353E+00  0.345750E-01
 0.154753E+00  0.497566E+00  0.354764E-01
 0.155361E+00  0.471488E+00  0.341475E-01
 0.155969E+00  0.504537E+00  0.332649E-01
 0.156577E+00  0.474411E+00  0.339335E-01
 0.157185E+00  0.479728E+00  0.325226E-01
 0.157793E+00  0.481117E+00  0.324162E-01
 0.158401E+00  0.503843E+00  0.332131E-01
 0.159009E+00  0.450399E+00  0.325621E-01
 0.159617E+00  0.444739E+00  0.319639E-01
 0.160225E+00  0.460542E+00  0.354601E-01
 0.160833E+00  0.466341E+00  0.483856E-01
 0.161441E+00  0.422467E+00  0.424689E-01
 0.162049E+00  0.412179E+00  0.353029E-01
 0.162657E+00  0.393466E+00  0.334796E-01
 0.163265E+00  0.412628E+00  0.329883E-01
 0.163873E+00  0.392850E+00  0.329697E-01
 0.164481E+00  0.385774E+00  0.314542E-01
 0.165089E+00  0.375207E+00  0.309828E-01
 0.165697E+00  0.380675E+00  0.319532E-01
 0.166305E+00  0.414525E+00  0.324020E-01
 0.166913E+00  0.401613E+00  0.320197E-01
 0.167521E+00  0.426729E+00  0.319841E-01
 0.168129E+00  0.414043E+00  0.321397E-01
 0.168737E+00  0.459880E+00  0.327077E-01
 0.169345E+00  0.412714E+00  0.326618E-01
 0.169953E+00  0.362738E+00  0.329560E-01
 0.170561E+00  0.357577E+00  0.333708E-01
 0.171169E+00  0.364515E+00  0.364900E-01
 0.171777E+00  0.383647E+00  0.462291E-01
 0.172385E+00  0.403845E+00  0.388684E-01
 0.172993E+00  0.381126E+00  0.513846E-01
 0.173601E+00  0.375760E+00  0.396878E-01
 0.174209E+00  0.406933E+00  0.332198E-01
 0.174817E+00  0.412208E+00  0.332920E-01
 0.175425E+00  0.391431E+00  0.917019E+00
 0.176033E+00  0.347435E+00  0.242224E+01
 0.176641E+00  0.365461E+00  0.255467E+01
 0.177250E+00  0.382097E+00  0.250844E+01
 0.177858E+00  0.370689E+00  0.246472E+01
 0.178466E+00  0.358271E+00  0.941289E+00
 0.179074E+00  0.370708E+00  0.323120E-01
 0.179682E+00  0.419776E+00  0.319271E-01
 0.180290E+00  0.428098E+00  0.319339E-01
 0.180898E+00  0.385336E+00  0.320135E-01
 0.181506E+00  0.369472E+00  0.320705E-01
 0.182114E+00  0.384561E+00  0.317876E-01
 0.182722E+00  0.365792E+00  0.314993E-01
 0.183330E+00  0.343835E+00  0.314918E-01
 0.183938E+00  0.328687E+00  0.323391E-01
 0.184546E+00  0.330790E+00  0.320473E-01
 0.185154E+00  0.356778E+00  0.318151E-01
 0.185762E+00  0.336617E+00  0.303941E-01
 0.186370E+00  0.321359E+00  0.309218E-01
 0.186978E+00  0.343634E+00  0.318306E-01
 0.187586E+00  0.349735E+00  0.311781E-01
 0.188194E+00  0.373626E+00  0.300906E-01
 0.188802E+00  0.399285E+00  0.307944E-01
 0.189410E+00  0.374458E+00  0.309844E-01
 0.190018E+00  0.397016E+00  0.313547E-01
 0.190626E+00  0.353259E+00  0.307896E-01
 0.191234E+00  0.397359E+00  0.304313E-01
 0.191842E+00  0.403568E+00  0.299542E-01
 0.192450E+00  0.381510E+00  0.306521E-01
 0.193058E+00  0.401329E+00  0.310524E-01
 0.193666E+00  0.391379E+00  0.307124E-01
 0.194274E+00  0.373025E+00  0.310426E-01
 0.194882E+00  0.387089E+00  0.305816E-01
 0.195490E+00  0.321762E+00  0.298090E-01
 0.196098E+00  0.354637E+00  0.305267E-01
 0.196706E+00  0.345549E+00  0.306672E-01
 0.197314E+00  0.326814E+00  0.322984E-01
 0.197922E+00  0.370500E+00  0.305869E-01
 0.198530E+00  0.333535E+00  0.320427E-01
 0.199138E+00  0.348726E+00  0.305461E-01
 0.199746E+00  0.357136E+00  0.304177E-01
 0.200354E+00  0.348079E+00  0.299428E-01
 0.200962E+00  0.361721E+00  0.299089E-01
 0.201570E+00  0.392253E+00  0.299131E-01
 0.202178E+00  0.380696E+00  0.293250E-01
 0.202786E+00  0.363837E+00  0.298912E-01
 0.203394E+00  0.345232E+00  0.297392E-01
 0.204002E+00  0.312128E+00  0.296219E-01
 0.204610E+00  0.321110E+00  0.291796E-01
 0.205218E+00  0.292538E+00  0.311624E-01
 0.205826E+00  0.303671E+00  0.300436E-01
 0.206434E+00  0.286246E+00  0.351246E-01
 0.207042E+00  0.303184E+00  0.338384E-01
 0.207650E+00  0.299269E+00  0.338358E-01
 0.208258E+00  0.304845E+00  0.312464E-01
 0.208866E+00  0.240503E+00  0.296383E-01
 0.209474E+00  0.307959E+00  0.285551E-01
 0.210082E+00  0.323504E+00  0.282967E-01
 0.210690E+00  0.321666E+00  0.285928E-01
 0.211298E+00  0.318571E+00  0.279520E-01
 0.211906E+00  0.324902E+00  0.286586E-01
 0.212514E+00  0.332758E+00  0.286171E-01
 0.213122E+00  0.356154E+00  0.286892E-01
 0.213730E+00  0.339875E+00  0.277783E-01
 0.214338E+00  0.313979E+00  0.285124E-01
 0.214946E+00  0.327639E+00  0.278962E-01
 0.215554E+00  0.334166E+00  0.283757E-01
 0.216162E+00  0.318480E+00  0.285399E-01
 0.216770E+00  0.307388E+00  0.276420E-01
 0.217378E+00  0.329633E+00  0.271962E-01
 0.217986E+00  0.352718E+00  0.282458E-01
 0.218594E+00  0.329177E+00  0.295674E-01
 0.219202E+00  0.340514E+00  0.345627E-01
 0.219810E+00  0.309382E+00  0.296142E-01
 0.220418E+00  0.294730E+00  0.290917E-01
 0.221025E+00  0.316138E+00  0.306714E-01
 0.221633E+00  0.322780E+00  0.413799E-01
 0.222241E+00  0.337039E+00  0.420353E-01
 0.222849E+00  0.311222E+00  0.439720E-01
 0.223457E+00  0.338461E+00  0.357426E-01
 0.224065E+00  0.307421E+00  0.286124E-01
 0.224673E+00  0.306214E+00  0.274933E-01
 0.225281E+00  0.300078E+00  0.273184E-01
 0.225889E+00  0.304871E+00  0.271633E-01
 0.226497E+00  0.307824E+00  0.267111E-01
 0.227105E+00  0.299170E+00  0.277128E-01
 0.227713E+00  0.315569E+00  0.263111E-01
 0.228321E+00  0.302850E+00  0.264603E-01
 0.228929E+00  0.332552E+00  0.272742E-01
 0.229537E+00  0.349345E+00  0.274633E-01
 0.230145E+00  0.336053E+00  0.269751E-01
 0.230753E+00  0.366457E+00  0.269422E-01
 0.231361E+00  0.350362E+00  0.269764E-01
 0.231969E+00  0.310397E+00  0.264967E-01
 0.232577E+00  0.332988E+00  0.269184E-01
 0.233185E+00  0.356459E+00  0.269556E-01
 0.233793E+00  0.321950E+00  0.267125E-01
 0.234401E+00  0.332018E+00  0.270217E-01
 0.235009E+00  0.320426E+00  0.268994E-01
 0.235617E+00  0.326444E+00  0.272917E-01
 0.236225E+00  0.315751E+00  0.272811E-01
 0.236833E+00  0.329782E+00  0.267002E-01
 0.237441E+00  0.326492E+00  0.266297E-01
 0.238049E+00  0.314056E+00  0.267926E-01
 0.238657E+00  0.339748E+00  0.256290E-01
 0.239265E+00  0.345689E+00  0.262559E-01
 0.239873E+00  0.362169E+00  0.268934E-01
 0.240481E+00  0.361648E+00  0.270034E-01
 0.241089E+00  0.356068E+00  0.280102E-01
 0.241697E+00  0.344920E+00  0.267828E-01
---------Y:\Desktop\SAXS\LBL_1220_2009\dat\p1_B10_1.mccd.dat-------------------
---------Y:\Desktop\SAXS\LBL_1220_2009\dat\p1_B10_2.mccd.dat-------------------
---------Y:\Desktop\SAXS\LBL_1220_2009\dat\p1_B2_2.mccd.dat-------------------
---------Y:\Desktop\SAXS\LBL_1220_2009\dat\p1_B3_2.mccd.dat-------------------
---------Y:\Desktop\SAXS\LBL_1220_2009\dat\p1_B6_1.mccd.dat-------------------
---------Y:\Desktop\SAXS\LBL_1220_2009\dat\p1_B6_2.mccd.dat-------------------
---------Y:\Desktop\SAXS\LBL_1220_2009\dat\p1_B6_3.mccd.dat-------------------
