#|num|weight|mean|covariance matrix|
|0|0.141942455557|257.051317406 -86.2880124605 44.7665716395|174.141744691 6.17350179805 -203.634435789 6.17350179805 371.459798917 -137.145634873 -203.634435789 -137.145634873 698.071015544|
|1|0.105834835571|329.893566022 72.7922595603 46.7369371437|81.150100729 7.21215301254 64.8666992212 7.21215301254 572.340211459 351.641648154 64.8666992212 351.641648154 815.571252413|
|2|0.110264209394|286.038149083 -25.7799338683 36.7499259603|496.526675012 398.274574146 -95.7656387567 398.274574146 505.87025932 -178.262689129 -95.7656387567 -178.262689129 369.35253754|
|3|0.0777141552079|328.45532081 49.9965673663 114.173812975|208.254755401 -84.9178297409 -70.5879444274 -84.9178297409 130.733199585 22.9752026472 -70.5879444274 22.9752026472 456.139255533|
|4|0.0912961121172|332.66639081 122.498661984 33.4684022749|189.519921984 65.1483348957 58.8144932973 65.1483348957 227.742556202 -66.4690824804 58.8144932973 -66.4690824804 342.016087247|
|5|0.145882532741|294.631284358 -33.9918431571 86.4968491419|372.871195781 27.025950361 -113.39519829 27.025950361 232.01469362 -131.884735746 -113.39519829 -131.884735746 450.327275357|
|6|0.116915748783|276.949116348 26.1612890503 87.2827851704|217.781911816 351.568815151 49.9589746851 351.568815151 983.091049492 43.7244881273 49.9589746851 43.7244881273 230.624349641|
|7|0.0910338672562|348.362524167 -31.8741124398 35.8906679427|780.228506848 136.952987693 58.8238299088 136.952987693 127.235893869 86.5093102117 58.8238299088 86.5093102117 475.315166946|
|8|0.119116083374|327.986872771 79.4175608086 84.6950276904|450.484629358 -836.913536568 -233.607152085 -836.913536568 1886.13853516 550.223885975 -233.607152085 550.223885975 442.185242003|
