#|num|weight|mean|covariance matrix|
|0|0.027543320716|265.457769468 -6.31366879362 85.3585891555|75.3940206449 104.064247807 62.3708593565 104.064247807 430.170959883 223.275661206 62.3708593565 223.275661206 254.40390564|
|1|0.0387666406071|293.265046132 58.7704560686 91.544767108|109.008629054 35.6013984397 6.56239317885 35.6013984397 114.102861942 -60.6164520452 6.56239317885 -60.6164520452 233.055129422|
|2|0.0532235141938|251.233279694 -99.7600754993 65.385098196|89.515619601 -39.7683882971 -68.9111387443 -39.7683882971 121.697314099 64.5644636681 -68.9111387443 64.5644636681 433.142685082|
|3|0.0536564520182|325.937220668 87.419976035 34.8719083813|63.4789477462 -69.9603777449 12.5711360398 -69.9603777449 524.88170654 -37.3857144232 12.5711360398 -37.3857144232 232.432965918|
|4|0.0480488558139|311.523064144 -40.4334258299 90.786745434|147.779228994 21.1629602006 -153.746290948 21.1629602006 107.909435248 -56.6317147782 -153.746290948 -56.6317147782 398.597108045|
|5|0.0291174269124|276.15105707 -29.2497915189 48.2566894669|217.714745152 184.656396505 24.6195663853 184.656396505 256.144035718 83.7022627712 24.6195663853 83.7022627712 230.641257351|
|6|0.035662997759|324.444988005 -34.1464545476 31.0766838725|46.693003275 -3.7112282343 -15.0677931459 -3.7112282343 198.896198648 166.538386635 -15.0677931459 166.538386635 348.23288627|
|7|0.0465309436659|339.10420094 121.351270901 53.7019536666|164.516015783 94.5273457037 -190.289197974 94.5273457037 182.58761799 -288.362072964 -190.289197974 -288.362072964 713.904252127|
|8|0.0156413978802|243.505413254 -63.8611447536 57.8696120451|70.1499357201 48.7066766366 -19.7028323759 48.7066766366 106.200251213 -83.8333306247 -19.7028323759 -83.8333306247 235.028565664|
|9|0.00950725476742|318.259718917 88.375854893 69.7876424074|35.7120618087 -24.6133198612 -38.961126428 -24.6133198612 247.418353954 65.8833526777 -38.961126428 65.8833526777 171.039321009|
|10|0.0291853889828|329.5228253 76.6404667657 95.6359082402|84.3428771333 -118.577160253 1.84877188128 -118.577160253 434.182242209 60.711659752 1.84877188128 60.711659752 216.948634319|
|11|0.0511450376263|327.228086231 50.4933525057 124.12772807|151.894243394 -59.2235846345 -55.3435155076 -59.2235846345 124.56530625 13.2133839786 -55.3435155076 13.2133839786 233.719198808|
|12|0.035570474912|304.432369182 -5.34213630692 25.1915414251|89.027212076 -4.26674576807 36.3292106274 -4.26674576807 120.800889045 -67.6441954025 36.3292106274 -67.6441954025 221.700704845|
|13|0.00927270538047|338.121082343 -29.8563865019 31.4975898689|12.4957768728 2.47745012574 -6.31352793164 2.47745012574 44.2305779234 2.10774258986 -6.31352793164 2.10774258986 320.481277955|
|14|0.0325206768265|269.652586755 26.7013240666 80.2652263705|94.1644560825 25.1256984391 82.8798586212 25.1256984391 111.160808449 29.3012186276 82.8798586212 29.3012186276 311.895144822|
|15|0.0367250650466|328.970985742 49.2302300165 54.8261519597|112.185839816 -78.5773244832 -79.5496127463 -78.5773244832 138.496482327 111.599928597 -79.5496127463 111.599928597 468.351517905|
|16|0.0270599889763|333.834051629 91.8826698142 78.415441576|96.7366740415 87.2207571923 73.79500078 87.2207571923 177.438647239 99.5110579871 73.79500078 99.5110579871 356.541941613|
|17|0.0233280965113|301.014128303 -28.3036439907 62.8294240184|115.658662078 90.9972253603 -18.3584124703 90.9972253603 231.640154574 -58.5019843412 -18.3584124703 -58.5019843412 209.521715875|
|18|0.0501648027057|273.581721381 -38.9860570265 99.3995217895|133.615536456 -62.2474070771 35.5090743572 -62.2474070771 147.19597623 -10.3836524819 35.5090743572 -10.3836524819 234.013752945|
|19|0.0345633697284|305.209723119 127.725088234 101.45858962|136.87383543 -193.560460652 29.0970204813 -193.560460652 423.603287341 -94.8584770702 29.0970204813 -94.8584770702 122.830644743|
|20|0.0328859191764|282.002073412 -40.3015281529 58.3969373944|156.993538215 53.5771854545 110.283761973 53.5771854545 150.990132418 84.3856002292 110.283761973 84.3856002292 370.199118574|
|21|0.0370887547284|349.236678936 37.5183591546 76.6096844253|66.1064192927 -4.58698084554 -29.8027880173 -4.58698084554 92.3097880555 63.6936448976 -29.8027880173 63.6936448976 401.343204617|
|22|0.0174073586725|328.510750557 56.4985116627 11.9082293094|65.7278850115 -40.3007268749 2.29750794734 -40.3007268749 172.253117636 2.18691273223 2.29750794734 2.18691273223 57.9088820297|
|23|0.0188879948036|298.264596432 -3.24926338899 84.623101319|185.352460121 -170.783519726 -101.079561219 -170.783519726 214.339535077 138.556827512 -101.079561219 138.556827512 195.594415793|
|24|0.0241831604517|253.611226366 -82.6478034704 48.0632039879|196.846429932 -139.695308831 -33.2080959819 -139.695308831 161.814427766 22.1914218855 -33.2080959819 22.1914218855 160.740987085|
|25|0.0469293663484|327.163280545 132.051956411 17.6567730416|164.012665989 47.055386125 31.7937713296 47.055386125 194.517383478 -9.00991701948 31.7937713296 -9.00991701948 138.413813317|
|26|0.0161602821069|272.740295767 20.7033621533 75.3027606339|102.143631949 166.406262215 39.2335979971 166.406262215 668.558877382 -6.49404660689 39.2335979971 -6.49404660689 137.097390929|
|27|0.0475594832761|269.580832924 -79.9846446121 16.8152208851|86.7321154324 82.5893581448 -1.48189398147 82.5893581448 430.56698278 -31.3715201554 -1.48189398147 -31.3715201554 101.628989302|
|28|0.0469376210711|374.908622802 -26.0247888915 41.8511374108|57.8788961947 -20.9821054969 -71.0796058642 -20.9821054969 88.9603007927 63.8191293123 -71.0796058642 63.8191293123 531.518678638|
|29|0.0247256483343|270.888259934 -35.0405392398 17.298158161|246.255629757 161.900370431 -47.954952821 161.900370431 175.410053202 -46.2818033404 -47.954952821 -46.2818033404 104.084698364|
