1 0 9.14016610453
2 0 9.14016610453
3 0 9.14016610453
4 0 9.14016610453
5 0 9.14016610453
6 0 9.14016610453
7 0 9.14016610453
8 0 9.14016610453
9 0 9.14016610453
10 0 9.14016610453
11 0 9.14016610453
12 0 9.14016610453
13 0 9.14016610453
14 0 9.14016610453
15 0 9.14016610453
16 0 9.14016610453
17 0 9.14016610453
18 0 9.14016610453
19 0 9.14016610453
20 0 9.14016610453
21 1 10.3900860794
22 1 10.3900860794
23 1 10.3900860794
24 1 10.3900860794
25 1 10.3900860794
26 1 10.3900860794
27 1 10.3900860794
28 1 10.3900860794
29 1 10.3900860794
30 1 10.3900860794
31 1 10.3900860794
32 1 10.3900860794
33 1 10.3900860794
34 1 10.3900860794
35 1 10.3900860794
36 1 10.3900860794
37 1 10.3900860794
38 1 10.3900860794
39 1 10.3900860794
40 1 10.3900860794
41 2 9.73207927464
42 2 9.73207927464
43 2 9.73207927464
44 2 9.73207927464
45 2 9.73207927464
46 2 9.73207927464
47 2 9.73207927464
48 2 9.73207927464
49 2 9.73207927464
50 2 9.73207927464
51 2 9.73207927464
52 2 9.73207927464
53 2 9.73207927464
54 2 9.73207927464
55 2 9.73207927464
56 2 9.73207927464
57 2 9.73207927464
58 2 9.73207927464
59 2 9.73207927464
60 2 9.73207927464
61 3 8.71828945901
62 3 8.71828945901
63 3 8.71828945901
64 3 8.71828945901
65 3 8.71828945901
66 3 8.71828945901
67 3 8.71828945901
68 3 8.71828945901
69 3 8.71828945901
70 3 8.71828945901
71 3 8.71828945901
72 3 8.71828945901
73 3 8.71828945901
74 3 8.71828945901
75 3 8.71828945901
76 3 8.71828945901
77 3 8.71828945901
78 3 8.71828945901
79 3 8.71828945901
80 3 8.71828945901
81 4 8.70351518409
82 4 8.70351518409
83 4 8.70351518409
84 4 8.70351518409
85 4 8.70351518409
86 4 8.70351518409
87 4 8.70351518409
88 4 8.70351518409
89 4 8.70351518409
90 4 8.70351518409
91 4 8.70351518409
92 4 8.70351518409
93 4 8.70351518409
94 4 8.70351518409
95 4 8.70351518409
96 4 8.70351518409
97 4 8.70351518409
98 4 8.70351518409
99 4 8.70351518409
100 4 8.70351518409
101 5 7.02608151321
102 5 7.02608151321
103 5 7.02608151321
104 5 7.02608151321
105 5 7.02608151321
106 5 7.02608151321
107 5 7.02608151321
108 5 7.02608151321
109 5 7.02608151321
110 5 7.02608151321
111 5 7.02608151321
112 5 7.02608151321
113 5 7.02608151321
114 5 7.02608151321
115 5 7.02608151321
116 5 7.02608151321
117 5 7.02608151321
118 5 7.02608151321
119 5 7.02608151321
120 5 7.02608151321
121 5 7.02608151321
122 5 7.02608151321
123 5 7.02608151321
124 5 7.02608151321
125 5 7.02608151321
126 5 7.02608151321
127 5 7.02608151321
128 5 7.02608151321
129 5 7.02608151321
130 5 7.02608151321
131 5 7.02608151321
132 5 7.02608151321
133 5 7.02608151321
134 5 7.02608151321
135 5 7.02608151321
136 5 7.02608151321
137 5 7.02608151321
138 5 7.02608151321
139 5 7.02608151321
140 5 7.02608151321
141 5 7.02608151321
142 5 7.02608151321
143 5 7.02608151321
144 5 7.02608151321
145 5 7.02608151321
146 5 7.02608151321
147 5 7.02608151321
148 5 7.02608151321
149 5 7.02608151321
150 5 7.02608151321
151 5 7.02608151321
152 5 7.02608151321
153 5 7.02608151321
154 5 7.02608151321
155 5 7.02608151321
156 5 7.02608151321
157 5 7.02608151321
158 5 7.02608151321
159 5 7.02608151321
160 5 7.02608151321
161 5 7.02608151321
162 5 7.02608151321
163 5 7.02608151321
164 5 7.02608151321
165 5 7.02608151321
166 5 7.02608151321
167 5 7.02608151321
168 5 7.02608151321
169 5 7.02608151321
170 5 7.02608151321
171 5 7.02608151321
172 5 7.02608151321
173 5 7.02608151321
174 5 7.02608151321
175 5 7.02608151321
176 5 7.02608151321
177 5 7.02608151321
178 5 7.02608151321
179 5 7.02608151321
180 5 7.02608151321
181 5 7.02608151321
182 5 7.02608151321
183 5 7.02608151321
184 5 7.02608151321
185 5 7.02608151321
186 5 7.02608151321
187 5 7.02608151321
188 5 7.02608151321
189 5 7.02608151321
190 5 7.02608151321
191 5 7.02608151321
192 5 7.02608151321
193 5 7.02608151321
194 5 7.02608151321
195 5 7.02608151321
196 5 7.02608151321
197 5 7.02608151321
198 5 7.02608151321
199 5 7.02608151321
200 5 7.02608151321
201 6 9.19598724624
202 6 9.19598724624
203 6 9.19598724624
204 6 9.19598724624
205 6 9.19598724624
206 6 9.19598724624
207 6 9.19598724624
208 6 9.19598724624
209 6 9.19598724624
210 6 9.19598724624
211 6 9.19598724624
212 6 9.19598724624
213 6 9.19598724624
214 6 9.19598724624
215 6 9.19598724624
216 6 9.19598724624
217 6 9.19598724624
218 6 9.19598724624
219 6 9.19598724624
220 6 9.19598724624
221 7 9.48886786595
222 7 9.48886786595
223 7 9.48886786595
224 7 9.48886786595
225 7 9.48886786595
226 7 9.48886786595
227 7 9.48886786595
228 7 9.48886786595
229 7 9.48886786595
230 7 9.48886786595
231 7 9.48886786595
232 7 9.48886786595
233 7 9.48886786595
234 7 9.48886786595
235 7 9.48886786595
236 7 9.48886786595
237 7 9.48886786595
238 7 9.48886786595
239 7 9.48886786595
240 7 9.48886786595
241 8 7.02586022971
242 8 7.02586022971
243 8 7.02586022971
244 8 7.02586022971
245 8 7.02586022971
246 8 7.02586022971
247 8 7.02586022971
248 8 7.02586022971
249 8 7.02586022971
250 8 7.02586022971
251 8 7.02586022971
252 8 7.02586022971
253 8 7.02586022971
254 8 7.02586022971
255 8 7.02586022971
256 8 7.02586022971
257 8 7.02586022971
258 8 7.02586022971
259 8 7.02586022971
260 8 7.02586022971
261 9 7.84222406604
262 9 7.84222406604
263 9 7.84222406604
264 9 7.84222406604
265 9 7.84222406604
266 9 7.84222406604
267 9 7.84222406604
268 9 7.84222406604
269 9 7.84222406604
270 9 7.84222406604
271 9 7.84222406604
272 9 7.84222406604
273 9 7.84222406604
274 9 7.84222406604
275 9 7.84222406604
276 9 7.84222406604
277 9 7.84222406604
278 9 7.84222406604
279 9 7.84222406604
280 9 7.84222406604
281 10 6.45691984921
282 10 6.45691984921
283 10 6.45691984921
284 10 6.45691984921
285 10 6.45691984921
286 10 6.45691984921
287 10 6.45691984921
288 10 6.45691984921
289 10 6.45691984921
290 10 6.45691984921
291 10 6.45691984921
292 10 6.45691984921
293 10 6.45691984921
294 10 6.45691984921
295 10 6.45691984921
296 10 6.45691984921
297 10 6.45691984921
298 10 6.45691984921
299 10 6.45691984921
300 10 6.45691984921
301 11 5.84518882465
302 11 5.84518882465
303 11 5.84518882465
304 11 5.84518882465
305 11 5.84518882465
306 11 5.84518882465
307 11 5.84518882465
308 11 5.84518882465
309 11 5.84518882465
310 11 5.84518882465
311 11 5.84518882465
312 11 5.84518882465
313 11 5.84518882465
314 11 5.84518882465
315 11 5.84518882465
316 11 5.84518882465
317 11 5.84518882465
318 11 5.84518882465
319 11 5.84518882465
320 11 5.84518882465
321 12 2.91108786716
322 12 2.91108786716
323 12 2.91108786716
324 12 2.91108786716
325 12 2.91108786716
326 12 2.91108786716
327 12 2.91108786716
328 12 2.91108786716
329 12 2.91108786716
330 12 2.91108786716
331 12 2.91108786716
332 12 2.91108786716
333 12 2.91108786716
334 12 2.91108786716
335 12 2.91108786716
336 12 2.91108786716
337 12 2.91108786716
338 12 2.91108786716
339 12 2.91108786716
340 12 2.91108786716
341 13 4.59871613541
342 13 4.59871613541
343 13 4.59871613541
344 13 4.59871613541
345 13 4.59871613541
346 13 4.59871613541
347 13 4.59871613541
348 13 4.59871613541
349 13 4.59871613541
350 13 4.59871613541
351 13 4.59871613541
352 13 4.59871613541
353 13 4.59871613541
354 13 4.59871613541
355 13 4.59871613541
356 13 4.59871613541
357 13 4.59871613541
358 13 4.59871613541
359 13 4.59871613541
360 13 4.59871613541
361 14 4.09248307877
362 14 4.09248307877
363 14 4.09248307877
364 14 4.09248307877
365 14 4.09248307877
366 14 4.09248307877
367 14 4.09248307877
368 14 4.09248307877
369 14 4.09248307877
370 14 4.09248307877
371 14 4.09248307877
372 14 4.09248307877
373 14 4.09248307877
374 14 4.09248307877
375 14 4.09248307877
376 14 4.09248307877
377 14 4.09248307877
378 14 4.09248307877
379 15 2.84346147065
380 16 2.30293870482
381 17 2.06527399717
382 18 2.11436255248
383 19 2.14147208133
384 20 2.84404317018
385 21 2.81882673843
386 22 3.21892707622
387 23 3.41469745659
388 24 3.2145887154
389 25 3.14322899981
390 26 3.72144527554
391 27 3.71277970744
392 28 4.28358643748
393 29 4.2265391887
394 30 4.47657824953
395 31 4.34693870345
396 32 3.94533979327
397 33 3.4126755476
398 34 3.36654114475
399 35 2.68643879468
400 36 2.90833723353
401 37 2.51266664267
402 38 2.81403460469
403 39 2.59507947355
404 40 2.68608500903
405 41 3.17387172258
406 42 3.9213515963
407 43 4.30092205908
408 44 4.40663905149
409 45 3.78463402343
410 46 3.75088928274
411 47 3.0343858792
412 48 3.04240626788
413 49 2.53134167387
414 50 2.6220991503
415 51 2.2927686916
416 52 2.90569194424
417 53 3.1428399683
418 54 3.50044534387
419 55 3.02296263312
420 56 3.33678637608
421 57 3.2907875259
422 58 3.38370700305
423 59 3.61483249833
424 60 3.79667574604
425 61 4.27842816712
426 62 4.41592556284
427 63 3.83861673557
428 64 4.21286138689
429 65 3.97638782898
430 66 3.39067104069
431 67 3.42071527009
432 68 3.38023556093
433 69 3.37461382448
434 70 3.08548114473
435 71 3.52070889315
436 72 3.11387902594
437 73 3.42501029293
438 74 3.81686977708
439 75 3.36312239248
440 76 3.8463259535
441 77 3.64440698345
442 78 3.67991793038
443 79 3.45325718155
444 80 3.29078101902
445 81 2.56997697663
446 82 2.34254662344
447 83 1.81934159814
448 84 1.98085881941
449 85 2.19503155766
450 86 2.93344170369
451 87 3.12095763292
452 88 3.15509200839
453 89 3.852667249
454 90 4.15395272233
455 91 4.88936718004
456 92 5.24656690461
457 93 5.04679605392
458 94 4.62960794089
459 95 4.15975381249
460 96 3.62933504962
461 97 3.37568472366
462 98 2.60624012542
463 99 2.54388330437
464 100 2.138375694
465 101 2.37613840639
466 102 2.01523300421
467 103 2.07220484582
468 104 2.51223766397
469 105 2.51869017844
470 106 3.17363368198
471 107 3.33414320067
472 108 4.00232548075
473 109 4.88870555852
474 109 4.88870555852
475 109 4.88870555852
476 109 4.88870555852
477 109 4.88870555852
478 109 4.88870555852
479 109 4.88870555852
480 109 4.88870555852
481 109 4.88870555852
482 109 4.88870555852
483 110 7.45777011965
484 110 7.45777011965
485 110 7.45777011965
486 110 7.45777011965
487 110 7.45777011965
488 110 7.45777011965
489 110 7.45777011965
490 110 7.45777011965
491 110 7.45777011965
492 110 7.45777011965
493 111 11.0301549437
494 111 11.0301549437
495 111 11.0301549437
496 111 11.0301549437
497 111 11.0301549437
498 111 11.0301549437
499 111 11.0301549437
500 111 11.0301549437
501 111 11.0301549437
502 111 11.0301549437
503 112 9.41158143963
504 112 9.41158143963
505 112 9.41158143963
506 112 9.41158143963
507 112 9.41158143963
508 112 9.41158143963
509 112 9.41158143963
510 112 9.41158143963
511 112 9.41158143963
512 112 9.41158143963
513 113 4.83493881387
514 113 4.83493881387
515 113 4.83493881387
516 113 4.83493881387
517 113 4.83493881387
518 113 4.83493881387
519 113 4.83493881387
520 114 5.69968825527
521 115 4.76639407097
522 116 4.30225106815
523 117 5.32648598216
524 118 5.48436012426
525 119 4.67711033324
526 120 5.66299776175
527 121 5.2941489327
528 122 6.09056550522
529 123 6.52495806944
530 124 6.61133610901
531 125 6.38758385495
532 126 7.45378971604
533 127 7.24248249471
534 128 8.33446399376
535 129 8.92801582914
536 130 8.35191638139
537 131 6.90291030126
538 132 5.55749238849
539 133 4.82191479266
540 134 4.28293557124
541 135 4.34773171673
542 136 4.87480033112
543 137 4.61086738192
544 138 5.54387339662
545 139 4.86559516938
546 140 5.82261020006
547 141 6.42796712045
548 142 8.01129340924
549 143 8.04310117678
550 144 7.24599117862
551 145 5.60469211973
552 146 4.73080853124
553 147 3.88987736133
554 148 3.9549049194
555 149 4.11383728955
556 150 4.77704337636
557 151 5.05346415256
558 152 6.57086172387
559 153 7.93851707958
560 154 10.0389355604
561 155 9.69250342154
562 156 8.11442419793
563 157 6.69986711434
564 158 5.32864245302
565 159 4.52779049687
566 160 4.09546714227
567 161 4.37200781137
568 162 5.29462863574
569 163 6.41133895432
570 164 5.71948216463
571 165 7.51645165251
572 166 7.14527029318
573 167 6.66642429144
574 168 6.657033596
575 169 5.77306978663
576 170 4.92425363328
577 171 3.82500493497
578 172 3.94225922909
579 173 4.15749572181
580 174 5.52050843297
581 175 6.54478215689
582 176 6.9920061094
583 177 8.88148634954
584 178 9.10940122017
585 179 8.9538425897
586 180 7.97558474904
587 181 6.55911864497
588 182 5.85967739978
589 183 4.56558213676
590 184 4.75191363301
591 185 4.36836030687
592 186 4.68208652408
593 187 4.74605617865
594 188 4.82292015609
595 189 5.63835759332
596 190 6.5802771258
597 191 7.60411367849
598 192 8.27554150474
599 193 7.49187497095
600 194 6.52215523731
601 195 6.13346394947
602 196 5.53324638116
603 197 4.97648646627
604 198 5.90473628856
605 199 5.81505948054
606 200 5.97072631208
607 201 5.29625159042
608 202 4.96144564094
609 203 5.77549367687
610 204 5.78048703267
611 205 7.23799446132
612 206 3.19855427503
613 206 3.19855427503
614 206 3.19855427503
615 206 3.19855427503
616 207 3.03501899215
617 208 2.84790646175
618 209 2.94780230029
619 210 2.94236344467
620 211 3.38244642364
621 212 3.34736404145
622 213 3.90824136148
623 214 3.85533939848
624 215 3.52564009807
625 216 3.14555834704
626 217 3.31010834278
627 218 2.87475742606
628 219 3.00549685046
629 220 3.10547231114
630 221 3.02244091326
631 222 2.87733399598
632 223 2.80545802452
633 224 2.56806248063
634 225 2.83824044853
635 226 2.90500413207
636 227 2.67966430023
637 228 3.05086142343
638 229 2.81174492361
639 230 3.03756446588
640 231 2.76492901049
641 232 2.8507940617
642 233 2.94159495019
643 234 3.1344832177
644 235 3.41334251188
645 236 3.77166235068
646 237 3.44290863714
647 238 3.72742311744
648 239 3.19615430916
649 240 3.41965772192
650 241 3.10352554617
651 242 3.34969189901
652 243 3.01898560996
653 244 3.58533838881
654 245 3.70152170304
655 246 4.27155515514
656 247 4.57399397677
657 248 5.02139781559
658 249 5.23059647994
659 250 4.34345353602
660 251 4.13470707604
661 252 3.85601499407
662 253 3.87587222969
663 254 3.56376478437
664 255 3.79007805833
665 256 3.83134204096
666 257 4.22045606232
667 258 4.07091104998
668 259 3.63024294763
669 260 3.71837373534
670 261 3.71267344809
671 262 3.16990064526
672 263 3.40156090013
673 264 3.39949781281
674 265 3.22332257467
675 266 2.81965395754
676 267 2.87653721506
677 268 2.59595909614
678 269 2.93035243575
679 270 2.91992937171
680 271 2.87131941269
681 272 3.13000224263
682 273 3.24079521918
683 274 3.22891040516
684 275 3.64024861485
685 276 3.24156280402
686 277 3.30234808547
687 278 3.05942386676
688 279 3.13688057974
689 280 2.86351881671
690 281 3.25129793065
691 282 3.27154134799
692 283 3.81056228917
693 284 3.79883986949
694 285 3.47816771302
695 286 3.87679425512
696 287 3.71802391998
697 288 4.14365457923
698 289 4.49171656388
699 290 4.84462741732
700 291 4.71257800383
701 292 4.38333675401
702 293 4.08236853281
703 294 4.30499525945
704 295 3.69780089976
705 296 3.94316109638
706 297 3.55422547187
707 298 3.56862560086
708 299 3.29533521675
709 300 3.02565498207
710 301 3.09945777872
711 302 2.7828868623
712 303 3.07090826613
713 304 2.93359976283
714 305 3.23637003087
715 306 3.9982587136
716 306 3.9982587136
717 306 3.9982587136
718 306 3.9982587136
719 306 3.9982587136
720 306 3.9982587136
721 306 3.9982587136
722 307 2.19887530497
723 308 2.35124034849
724 309 3.61519282024
725 310 3.71038559404
726 311 5.84546540674
727 312 5.21297088952
728 313 6.32206873692
729 314 5.95611313336
730 315 4.65287247389
731 316 3.71721526556
732 317 3.88062925164
733 318 2.75621964765
734 319 2.6459867979
735 320 2.59429916172
736 321 4.28040601595
737 322 3.8099100882
738 323 4.08445643449
739 324 3.62235783503
740 325 4.77375954402
741 326 3.93492240017
742 327 5.48873458458
743 328 4.56765575522
744 329 5.70632030955
745 330 4.27418225249
746 331 3.70980208163
747 332 3.8940838683
748 333 5.99986761163
749 334 7.09120417084
750 335 7.73807425378
751 336 5.96929490118
752 337 6.3266590472
753 338 4.63621304226
754 339 4.7046445399
755 340 3.3963450923
756 341 3.90885969235
757 342 3.17550838137
758 343 4.49801642049
759 344 5.10231623245
760 345 6.25960892469
761 346 7.12191972448
762 347 8.50326294363
763 348 8.51578388843
764 349 7.32370382062
765 350 6.42344451835
766 351 5.95578457284
767 352 6.07131381172
768 353 6.20643533014
769 354 6.77038882242
770 355 7.33776077555
771 356 8.26700504127
772 357 8.32862271057
773 358 7.37115019346
774 359 8.34684261008
775 360 8.26451996921
776 361 6.57230834045
777 362 7.40941814802
778 363 6.97754024368
779 364 6.4335530933
780 365 5.0158169509
781 366 5.55089270121
782 367 4.06093091932
783 368 5.35318078466
784 369 5.20047507991
785 370 3.72844697673
786 371 4.89344276638
787 372 4.16134402954
788 373 3.21674681408
789 374 3.99656889308
790 375 3.9888767891
791 376 3.13029178558
792 377 2.91968058494
793 378 1.97065855197
794 379 2.48210640877
795 380 2.59235265717
796 381 4.26858876727
797 382 4.33147645311
798 383 4.11938212256
799 384 5.50331186341
800 385 5.536194361
801 386 7.51796929855
802 387 7.47980775673
803 388 7.88618725005
804 389 6.349587657
805 390 5.80182738031
806 391 4.45002441039
807 392 4.69757594589
808 393 3.30960586596
809 394 3.84225677591
810 395 3.33954929638
811 396 3.84679320997
812 397 2.87456236529
813 398 2.6809761978
814 399 2.97206739278
815 400 2.17087614999
816 401 2.94042543258
817 402 2.29516560325
818 403 2.79663316069
819 404 3.46288945146
820 404 3.46288945146
821 404 3.46288945146
822 404 3.46288945146
823 404 3.46288945146
824 405 2.18592073388
825 406 1.78255757523
826 407 1.57749688454
827 408 1.38092207668
828 409 1.61073880487
829 410 1.57098213766
830 411 1.95415129574
831 412 2.03559380417
832 413 2.2547130725
833 414 2.20668617124
834 415 2.01336143127
835 416 2.13104792634
836 417 2.40754060217
837 418 2.47732029511
838 419 2.76587951687
839 420 2.82047480661
840 421 2.89137281948
841 422 2.63980202536
842 423 2.32409265017
843 424 2.02159022016
844 425 1.92692790667
845 426 1.65693391204
846 427 1.77640318968
847 428 1.51630099966
848 429 1.74589871211
849 430 1.46846424466
850 431 1.69093876445
851 432 1.81595785412
852 433 2.04553011152
853 434 2.15534712564
854 435 2.04218899156
855 436 1.73243432524
856 437 1.642016134
857 438 1.34820251279
858 439 1.33098551129
859 440 1.18173297059
860 441 1.24251844489
861 442 1.2240276163
862 443 1.42315622332
863 444 1.63900497512
864 445 1.84268065162
865 446 2.09974801741
866 447 2.25184980446
867 448 2.13129403945
868 449 2.06892307519
869 450 1.73753857265
870 451 1.63081065853
871 452 1.57410139479
872 453 1.62363743039
873 454 1.66412131726
874 455 1.8048877246
875 456 1.9657713615
876 457 2.0296683275
877 458 1.84602850953
878 459 2.06734700898
879 460 2.00226893512
880 461 1.82973331402
881 462 1.88084079277
882 463 1.82954219506
883 464 1.84021319916
884 465 1.59932396922
885 466 1.85676396757
886 467 1.71716848907
887 468 2.05059145362
888 469 2.30850440419
889 470 2.07961434778
890 471 1.99270964469
891 472 1.78457412388
892 473 1.47838505844
893 474 1.3823619005
894 475 1.22015961101
895 476 1.31556958558
896 477 1.29084353056
897 478 1.45775351259
898 479 1.51803541239
899 480 1.48296764441
900 481 1.76793917304
901 482 1.99363543314
902 483 2.25803518252
903 484 2.50412197663
904 485 2.32661415973
905 486 2.03290065633
906 487 1.99321326837
907 488 2.01011370215
908 489 1.74531339602
909 490 1.98567905927
910 491 1.82975030133
911 492 1.78405979061
912 493 1.55683109693
913 494 1.48993068223
914 495 1.59573957097
915 496 1.7037025448
916 497 1.98526352273
917 498 2.21103213444
918 499 2.58610638115
919 500 2.7522539285
920 500 2.7522539285
921 500 2.7522539285
922 500 2.7522539285
923 500 2.7522539285
924 500 2.7522539285
925 500 2.7522539285
926 500 2.7522539285
927 500 2.7522539285
928 500 2.7522539285
929 501 3.10708010309
930 501 3.10708010309
931 502 3.2167157605
932 503 3.33029181349
933 504 2.73933406271
934 505 2.40103685885
935 506 1.77131809422
936 507 2.80221278417
937 508 4.05954440082
938 509 6.45011459699
939 510 7.6595519649
940 511 7.71481685605
941 512 5.78931624194
942 513 5.22192383595
943 514 5.75664479675
944 515 4.8895859267
945 516 5.28639700163
946 517 4.46554338728
947 518 6.00171502784
948 519 6.24918346838
949 520 6.32343687378
950 521 5.48558745374
951 522 6.11953375694
952 523 4.7917034425
953 524 5.69224043307
954 525 3.58392764357
955 526 3.92898066243
956 527 2.11292382746
957 528 2.42115119006
958 529 3.68163220829
959 530 3.61498881549
960 531 4.00699167934
961 532 5.01669076685
962 533 4.35313530704
963 534 5.7374973016
964 535 4.05195782403
965 536 5.2603619788
966 537 3.91411751032
967 538 4.61291199132
968 539 3.33121347606
969 540 4.13736165769
970 541 3.8206716957
971 542 4.65194976032
972 543 6.01507581028
973 544 7.14486658393
974 545 7.49885817364
975 546 7.14313671119
976 547 7.17300355609
977 548 7.41291705602
978 549 7.24785336345
979 550 7.12913127055
980 551 7.71482055234
981 552 6.53298173882
982 553 5.12898034266
983 554 5.14901862625
984 555 5.3819007918
985 556 3.47445478926
986 557 5.27948222471
987 558 5.76441753987
988 559 6.28368115262
989 560 5.17837549763
990 561 6.44837801526
991 562 5.04386230997
992 563 6.59215003761
993 564 6.59495164855
994 565 4.54064929067
995 566 4.45541321284
996 567 3.08887586955
997 568 2.63967424899
998 569 2.49789749763
999 570 2.02660355803
1000 571 2.47588630486
1001 572 1.76664020077
1002 573 2.9469144522
1003 574 3.19676526209
1004 575 5.71614217642
1005 576 5.57642927775
1006 577 4.40845290916
1007 578 5.68544211222
1008 579 4.84587110844
1009 580 5.89462072061
1010 581 7.76230825004
1011 582 8.54109769646
1012 583 7.45003093774
1013 584 7.44781347308
1014 585 6.11435012475
1015 586 6.91741239753
1016 587 4.85704756808
1017 588 5.81699063193
1018 589 4.53812734041
1019 590 4.94822449847
1020 591 3.53168063411
1021 592 2.99766380868
1022 593 3.01513866401
1023 594 2.2814652378
1024 595 2.78704788717
1025 596 2.80802014448
1026 597 3.76394827821
1027 598 4.56578571967
1028 598 4.56578571967
1029 598 4.56578571967
1030 598 4.56578571967
1031 598 4.56578571967
1032 598 4.56578571967
1033 598 4.56578571967
1034 598 4.56578571967
1035 598 4.56578571967
1036 599 13.9846631464
1037 600 10.8593808586
1038 601 8.87220824011
1039 602 6.05276223206
1040 603 4.58501205254
1041 604 4.83191025357
1042 605 5.60103703439
1043 606 7.78943176901
1044 607 8.90652306107
1045 608 9.31001725235
1046 609 10.6771104911
1047 610 13.788471404
1048 611 14.6285061945
1049 612 17.0953328978
1050 613 17.1226810422
1051 614 15.2824078542
1052 615 13.6934012701
1053 616 10.5050693915
1054 617 9.07074387747
1055 618 7.2801547651
1056 619 5.79106255759
1057 620 6.48421782584
1058 621 5.49745787296
1059 622 7.82172323899
1060 623 8.7086744974
1061 624 9.1469347004
1062 625 11.797162143
1063 626 14.1507689875
1064 627 14.1169535089
1065 628 11.4332257517
1066 629 9.66427447194
1067 630 7.21101311292
1068 631 8.24020991209
1069 632 10.2614294103
1070 633 11.8681578025
1071 634 12.5516139516
1072 635 11.3719771355
1073 636 9.63623879933
1074 637 8.04654248127
1075 638 5.4073681545
1076 639 4.24371098483
1077 640 2.28714423026
1078 641 3.56684251633
1079 642 4.71438923082
1080 643 6.85127852911
1081 644 9.39688986205
1082 645 10.0354122675
1083 646 12.7707665622
1084 647 12.9240778552
1085 648 11.4637352297
1086 649 10.7933210658
1087 650 8.24164867775
1088 651 6.77452678411
1089 652 5.40975540863
1090 653 4.45175249779
1091 654 5.05012347099
1092 655 5.78126684399
1093 656 8.01702230921
1094 657 9.51986128342
1095 658 7.92466334964
1096 659 10.0032385548
1097 660 9.07784748072
1098 661 8.9589466635
1099 662 8.75555550168
1100 663 6.8115925173
1101 664 6.15394305833
1102 665 4.47222600552
1103 666 5.59491893451
1104 667 5.65514303279
1105 668 7.46668776289
1106 669 10.3595088234
1107 670 11.9195037461
1108 671 14.6556064185
1109 672 15.483671753
1110 673 17.1217974336
1111 674 16.9544383217
1112 675 14.0847273159
1113 676 11.3564343748
1114 677 8.61946049631
1115 678 5.88653472992
1116 679 3.54852645221
1117 680 2.68635775763
1118 681 2.28374380064
1119 682 4.17434850936
1120 683 6.09978696012
1121 684 7.63212542265
1122 685 10.3223296445
1123 686 12.6043307808
1124 687 14.1869243342
1125 688 16.6279543509
1126 689 15.0313375397
1127 690 14.2430695051
1128 691 11.4563128378
1129 692 9.96824945898
1130 693 7.9100262523
1131 694 5.49897420638
1132 695 5.18069807971
1133 696 4.44703891225
1134 697 4.56444646155
1135 698 3.58469290614
1136 699 4.71245873458
1137 700 6.93834898207
1138 701 9.23481248386
1139 702 12.071344346
1140 703 14.3955679283
1141 704 17.4459641503
1142 705 4.56984515164
1143 705 4.56984515164
1144 705 4.56984515164
1145 705 4.56984515164
1146 705 4.56984515164
1147 705 4.56984515164
1148 705 4.56984515164
1149 705 4.56984515164
1150 706 2.50941847563
1151 707 2.25270137436
1152 708 2.084310772
1153 709 2.65540004258
1154 710 2.9359161978
1155 711 2.7379525869
1156 712 3.28323996464
1157 713 3.34522158982
1158 714 3.49669295112
1159 715 3.96111314354
1160 716 3.78728711201
1161 717 4.07831239622
1162 718 3.79647889541
1163 719 3.34947339521
1164 720 2.70574156248
1165 721 3.0576962213
1166 722 2.8514169812
1167 723 3.27157724878
1168 724 2.48992941947
1169 725 2.67717249823
1170 726 2.54982846755
1171 727 3.02849967193
1172 728 2.80194698575
1173 729 2.69690522438
1174 730 2.22043252774
1175 731 2.55460712372
1176 732 2.24176417601
1177 733 2.76933102864
1178 734 2.42574700324
1179 735 2.96444889818
1180 736 2.8937898576
1181 737 3.94550990992
1182 738 3.80810086844
1183 739 3.89193697243
1184 740 3.5815371367
1185 741 3.2998167221
1186 742 3.39061654329
1187 743 3.1351361098
1188 744 2.80785170782
1189 745 3.39904847391
1190 746 3.64722740535
1191 747 3.33177294632
1192 748 3.72686491593
1193 749 3.54575032926
1194 750 3.53706939824
1195 751 2.97086043476
1196 752 3.48637736829
1197 753 3.12998864636
1198 754 3.71579883693
1199 755 3.88431204789
1200 756 3.40852047567
1201 757 3.23795871597
1202 758 2.8977458414
1203 759 2.52474777553
1204 760 2.39056969114
1205 761 2.27644999763
1206 762 2.11709514034
1207 763 2.40908950484
1208 764 2.30178131691
1209 765 3.13835046225
1210 766 2.8416998028
1211 767 2.23152459603
1212 768 2.37242451785
1213 769 2.3041943729
1214 770 2.52959202104
1215 771 2.88193836267
1216 772 3.1314512848
1217 773 3.15326828651
1218 774 3.22542287676
1219 775 3.76573536256
1220 776 3.15829745976
1221 777 3.76817225364
1222 778 3.26166484103
1223 779 3.3077127151
1224 780 2.64455804144
1225 781 2.12346259352
1226 782 2.36744814511
1227 783 2.28756813024
1228 784 2.5801209376
1229 785 2.87031074768
1230 786 3.88226719249
1231 786 3.88226719249
1232 786 3.88226719249
1233 786 3.88226719249
1234 786 3.88226719249
1235 786 3.88226719249
1236 786 3.88226719249
1237 786 3.88226719249
1238 786 3.88226719249
1239 786 3.88226719249
1240 787 2.77667842787
1241 787 2.77667842787
1242 787 2.77667842787
1243 787 2.77667842787
1244 788 4.2963288039
1245 789 4.33930280113
1246 790 5.90910736102
1247 791 5.64588997293
1248 792 6.02734490547
1249 793 7.4130208455
1250 794 6.93681281881
1251 795 5.63068271508
1252 796 3.88125957926
1253 797 4.61990460836
1254 798 5.20699802967
1255 799 6.26572277095
1256 800 6.23298619468
1257 801 5.7565963523
1258 802 5.19886768507
1259 803 3.92019462575
1260 804 3.90836822858
1261 805 3.60777765996
1262 806 3.32604223241
1263 807 5.17761183072
1264 808 5.15269284876
1265 809 7.13756794195
1266 810 5.86974362636
1267 811 6.52213406522
1268 812 6.74152108025
1269 813 8.56829748172
1270 814 8.08179859062
1271 815 7.41955115489
1272 816 5.28913197755
1273 817 4.22643377401
1274 818 3.10003432816
1275 819 2.42801231176
1276 820 1.98314685961
1277 821 3.1783421271
1278 822 3.61186928759
1279 823 5.92168185416
1280 824 7.37324184941
1281 825 9.38244275902
1282 826 10.8957100789
1283 827 10.701480454
1284 828 10.1411461705
1285 829 9.14901884583
1286 830 9.102928555
1287 831 10.2138529786
1288 832 9.67700682587
1289 833 7.2044566744
1290 834 6.16374232475
1291 835 4.87524943105
1292 836 5.19830114361
1293 837 4.6719311092
1294 838 5.90881355678
1295 839 6.45699583645
1296 840 7.16151466395
1297 841 6.85926292213
1298 842 8.90996067207
1299 843 9.07248972444
1300 844 8.29643418777
1301 845 8.29694036647
1302 846 7.08206694716
1303 847 5.62258149634
1304 848 3.74622753407
1305 849 3.70061811955
1306 850 2.65929035619
1307 851 4.44649512134
1308 852 4.69176239671
1309 853 5.04950669294
1310 854 6.72448083832
1311 855 7.06832556816
1312 856 6.7178297566
1313 857 8.76487599927
1314 858 9.02309315872
1315 859 6.537773947
1316 860 6.6566989797
1317 861 5.30687562045
1318 862 5.05553136037
1319 863 3.04566926625
1320 864 3.42022576554
1321 865 2.67057459799
1322 866 3.48873709399
1323 867 4.70145299913
1324 868 4.19535914984
1325 869 4.80268003469
1326 870 5.75170229716
1327 871 6.75814859891
1328 872 7.10814544598
1329 873 5.7866651637
1330 874 5.49271154806
1331 875 3.97778220808
1332 876 4.66604210146
1333 877 5.68986977865
1334 878 7.07756919954
1335 879 5.45681875034
1336 880 4.61335580197
1337 881 5.02440548577
